0.048739	0.018545	0.019610	-0.022995	-0.012122	-0.028859	0.011620	0.018478	-0.003635	-0.013900	0.000363	-0.018964	0.009977	0.031962	0.002113	0.009343	-0.007785	0.000584	0.005013	-0.001501	-0.011635	0.020060	0.024453	-0.033909	0.009834	0.021435	-0.021531	-0.043266	0.002459	0.002459	0.023304	0.023304	-0.031473	-0.003521	0.003713	0.008712	0.005233	0.024789	-0.002207	0.005164
0.023010	0.017748	0.058753	0.040722	0.010859	0.047088	-0.002291	-0.009747	-0.000436	0.006580	-0.006536	0.000738	-0.016464	-0.001342	-0.003566	-0.018369	-0.012771	0.006131	0.006855	-0.023414	0.000343	0.037895	0.004056	-0.015946	0.023610	-0.004589	-0.026956	-0.020235	0.009284	0.009284	0.014677	0.014677	-0.003608	0.004966	-0.004039	0.006273	0.005946	0.004082	0.000537	0.016364
0.038159	0.049462	0.025347	0.007283	-0.019349	-0.058406	0.004509	-0.007971	0.010001	-0.003672	-0.004871	-0.005608	-0.004626	-0.006719	-0.016316	0.023560	0.015643	0.010701	-0.011542	-0.012216	-0.021427	-0.007938	0.013753	0.008354	0.005141	-0.001736	-0.012296	0.040512	-0.004379	-0.004379	-0.002681	-0.002681	-0.010957	0.023051	-0.025115	0.031391	-0.027710	0.031109	0.024392	0.004705
-0.003440	0.007827	-0.049146	0.003905	-0.017812	-0.002835	-0.054882	-0.037788	-0.009356	0.009178	0.007419	0.002008	-0.013686	0.022150	-0.021160	-0.007056	-0.000093	-0.016276	0.010459	-0.005889	-0.015333	0.028868	0.003707	0.019398	-0.039702	0.020876	-0.004400	0.026540	0.009239	0.009239	0.021362	0.021362	-0.024222	0.012703	-0.015935	0.018738	0.011068	0.013749	-0.001075	-0.021731
-0.004975	0.009377	0.015455	0.048627	0.035197	0.012881	0.012447	-0.003721	0.025882	-0.009410	0.034250	-0.031228	0.012103	0.007422	0.012568	-0.004327	-0.017556	0.038293	0.017075	0.003347	0.001353	0.001489	0.007490	-0.029064	-0.026997	0.020544	-0.028096	0.021714	-0.003735	-0.003735	0.003605	0.003605	-0.010259	0.018906	0.008861	0.003800	-0.008144	0.010042	0.000824	0.011106
0.000769	0.011870	-0.005045	0.009997	0.037501	0.017196	-0.018281	0.011922	-0.018918	0.005678	0.019931	0.018331	-0.013032	-0.036037	0.002526	-0.038728	-0.012872	0.000648	0.014167	0.013561	-0.003635	0.004070	0.008214	-0.043689	0.039915	-0.036605	-0.002846	-0.004680	0.002922	0.002922	0.030206	0.030206	-0.003462	0.026495	0.003881	0.000113	0.009829	0.056995	-0.036226	-0.014618
-0.006616	0.041931	0.067868	-0.017960	-0.026401	0.001839	0.009701	-0.008816	-0.008766	0.010081	0.003884	0.000360	0.007043	-0.012795	-0.071283	-0.064795	-0.015304	-0.045660	0.040432	0.033572	-0.060653	0.013001	-0.038716	0.045324	-0.002103	-0.017322	0.015143	0.048755	0.036486	0.036486	-0.013084	-0.013084	-0.052159	0.028841	-0.017517	0.013918	0.005739	0.005003	-0.041415	-0.026981
0.016038	0.002289	-0.017684	0.029087	0.014050	-0.009642	0.003570	-0.002917	0.004536	0.019795	-0.006687	0.044343	-0.018234	-0.015200	-0.020269	0.026827	0.026016	0.015161	-0.028786	0.015650	-0.013198	0.007587	-0.001156	-0.021212	-0.041241	-0.015636	0.025444	0.017644	-0.006001	-0.006001	-0.003788	-0.003788	-0.001179	0.005878	-0.008024	0.015788	-0.016645	-0.017585	0.000141	-0.014581
-0.013702	-0.004747	-0.034260	0.013250	-0.039570	0.014303	0.050796	-0.001592	-0.010965	0.038791	0.003193	0.012869	-0.014498	0.003421	0.002985	-0.006723	-0.002752	-0.005170	-0.012638	-0.009378	0.001788	-0.009044	-0.011680	0.013845	0.048759	-0.014156	0.031516	-0.057230	0.013581	0.013581	-0.000273	-0.000273	0.007876	-0.016373	-0.025127	0.029298	-0.092680	0.064089	-0.078614	-0.050324
0.005354	0.000237	-0.026889	0.022841	0.013081	-0.000647	-0.042332	-0.001140	-0.027392	-0.031964	-0.007006	-0.005420	0.000141	-0.002055	-0.007980	0.023594	0.021332	-0.019656	-0.006587	0.006322	-0.003979	-0.027516	-0.000528	-0.009826	0.040400	0.002933	-0.039977	-0.057374	0.004573	0.004573	0.030321	0.030321	0.020457	-0.026506	-0.038565	0.026202	-0.027202	0.027319	-0.017197	-0.000390
0.037702	0.022532	-0.018351	-0.034606	0.018060	-0.020206	-0.021628	0.027447	-0.001773	0.036032	-0.032253	0.006932	-0.019559	-0.024054	0.037358	-0.013323	-0.033447	0.025681	-0.061491	-0.020000	-0.015168	-0.055152	0.005418	0.009231	0.002497	0.016922	-0.051097	-0.036487	-0.004217	-0.004217	0.040062	0.040062	0.016252	-0.036258	0.028522	-0.077700	0.036467	0.020929	-0.028712	0.008131
0.020569	0.025145	0.000578	0.048304	0.010207	-0.003005	-0.018938	0.014167	0.002323	0.008091	-0.009923	0.013858	0.002106	-0.000373	-0.018584	0.027691	0.033756	0.019093	-0.015410	0.005741	-0.003447	-0.005197	-0.001680	-0.017933	-0.041991	-0.001882	0.016655	0.026803	-0.008220	-0.008220	-0.002294	-0.002294	0.012629	0.005994	-0.012539	0.010820	-0.006649	-0.024167	0.011156	0.000448
0.030590	0.036958	0.016828	0.000545	-0.012745	-0.059771	0.051830	-0.001754	-0.023044	-0.033357	0.015425	0.011127	-0.042589	-0.043435	0.002131	-0.058189	0.002345	-0.064997	-0.003245	0.037994	0.005668	0.027405	0.009166	0.031514	0.011382	-0.007427	-0.005541	-0.008297	-0.018096	-0.018096	0.008897	0.008897	-0.004582	-0.007969	0.041350	-0.014923	0.014947	-0.020513	-0.010773	-0.025936
-0.015448	0.031272	0.002624	-0.062621	0.059316	-0.059762	-0.025412	-0.048001	0.063960	0.057034	0.061981	-0.041410	0.069823	-0.007768	-0.081456	-0.030130	-0.014804	0.110487	0.012209	-0.084502	0.059856	0.010135	-0.072291	0.023709	0.061159	-0.089576	-0.016595	-0.001463	0.026791	0.026791	-0.010173	-0.010173	0.011326	0.009112	0.010645	0.002699	-0.012037	-0.026280	-0.022329	0.019586
0.054072	-0.000582	0.034542	0.011796	-0.017900	0.028827	-0.023114	0.008694	0.005842	-0.006071	0.010376	0.011536	0.002104	0.018624	0.015717	0.012076	0.006366	0.015194	-0.008718	-0.013944	-0.011731	0.024570	0.011177	-0.002142	0.014673	0.031425	-0.018126	-0.015033	-0.000601	-0.000601	0.005878	0.005878	-0.012405	0.001292	-0.001774	-0.015437	-0.006280	-0.013587	-0.003272	-0.010240
-0.044525	-0.035963	0.028371	0.026477	-0.042848	-0.047088	-0.051557	0.003164	-0.057266	0.016246	0.059754	-0.004653	0.017724	0.044390	-0.000319	-0.038528	-0.080563	0.001984	-0.024938	0.019042	-0.008054	-0.058733	0.031313	0.051370	0.029995	-0.016056	0.056666	0.018150	0.004141	0.004141	-0.009035	-0.009035	-0.067144	-0.046171	-0.030026	0.025257	0.044752	-0.051137	0.042437	-0.061161
0.012264	0.001901	-0.044917	0.022857	-0.024034	0.002376	0.026496	-0.006384	-0.015976	0.023136	-0.008802	0.012993	0.002264	-0.006819	-0.009758	0.028183	0.012691	-0.000149	0.037240	-0.019635	0.000115	0.009954	-0.001090	0.016299	-0.014387	0.008161	0.015013	-0.019112	0.024041	0.024041	0.004507	0.004507	0.001378	0.026845	0.023160	-0.012023	0.028280	-0.042019	0.032585	-0.005614
-0.012120	0.007869	-0.009811	0.032388	-0.030262	0.010229	0.012632	-0.021378	0.003861	0.018155	-0.001048	0.010710	-0.018539	0.022868	-0.020133	0.023403	0.037620	0.003525	0.012609	0.020195	0.012000	0.000070	0.015718	-0.005109	-0.027814	0.014361	-0.032620	-0.031459	-0.000600	-0.000600	0.023940	0.023940	-0.008069	-0.009287	-0.019867	0.016959	-0.039282	0.007490	-0.007355	-0.025984
0.004096	0.024188	0.029856	0.021869	0.034650	0.012854	-0.028299	-0.033713	0.012756	0.022024	0.007154	-0.008502	-0.014855	-0.013140	-0.003909	-0.003153	-0.006702	0.026850	-0.002277	-0.069235	0.024501	0.030638	-0.011347	-0.006741	0.023541	0.012362	-0.007564	-0.033952	0.006085	0.006085	-0.006856	-0.006856	-0.000751	-0.016246	-0.016619	0.009444	-0.010415	-0.000098	0.016704	0.009577
-0.001257	-0.002297	-0.039487	0.013956	-0.025700	0.007801	-0.046220	-0.005138	-0.000629	-0.012108	0.011221	0.007944	0.000283	-0.042222	0.014175	-0.018385	0.009972	0.013053	0.023218	-0.005274	-0.020560	0.012613	-0.006344	-0.000240	0.035066	0.012343	-0.005844	-0.002520	0.007458	0.007458	0.009262	0.009262	-0.011312	-0.009868	-0.002560	-0.022219	0.009566	0.000078	0.023458	0.007446
-0.019296	-0.048169	-0.003699	0.046488	-0.048641	-0.019208	0.038100	0.041013	0.021938	-0.010273	0.037902	-0.053599	0.040577	-0.036086	0.028208	-0.066093	-0.001629	0.075761	-0.043613	-0.048132	-0.028930	-0.067306	-0.049511	0.013912	-0.121944	0.131537	-0.015835	0.008906	0.053746	0.053746	-0.006224	-0.006224	0.000319	-0.003639	0.064799	-0.036732	0.036966	-0.001778	-0.006912	-0.042383
0.013574	-0.047924	0.023036	0.023507	-0.003950	0.031025	0.003069	-0.000477	0.023391	0.009174	-0.023184	-0.014941	0.012773	-0.013924	-0.009089	0.004718	-0.030008	0.034473	-0.005051	0.059527	-0.032411	-0.016747	0.000878	-0.008913	-0.013394	0.015562	-0.032677	0.002979	0.019615	0.019615	0.021764	0.021764	0.002754	0.002759	-0.016375	-0.010966	0.000242	0.012597	-0.015558	-0.000417
-0.006070	0.019074	-0.006191	0.020490	0.005062	-0.001485	-0.017954	-0.037092	0.005259	0.006689	-0.012966	0.017755	-0.003611	0.024363	-0.023586	0.008953	0.014689	0.007729	0.006206	0.028917	0.000711	0.002243	0.008884	-0.032050	-0.019134	0.014403	-0.024266	-0.007562	-0.006500	-0.006500	0.008855	0.008855	-0.003369	0.003487	-0.007716	0.008821	-0.011411	0.000839	0.002243	-0.000037
0.018719	-0.025747	0.017107	-0.040848	0.042906	0.045368	0.006323	-0.021081	-0.000259	0.031122	0.002167	-0.018218	0.019646	-0.010640	0.009035	-0.019619	0.010824	0.007510	0.014516	-0.016024	-0.017394	0.014914	-0.031380	-0.005489	0.040186	0.001955	-0.006744	-0.073521	0.016307	0.016307	0.013345	0.013345	0.000124	-0.020432	0.011247	0.015490	0.022324	0.038094	-0.009477	0.006810
-0.035392	-0.030035	-0.003046	-0.001735	-0.098786	0.034131	0.028405	-0.043643	0.015281	-0.022478	0.031610	-0.022280	0.004203	-0.023659	-0.020529	-0.007581	0.003794	0.066900	0.055153	0.033272	-0.019147	-0.114757	-0.048428	0.029532	-0.039383	0.039468	0.010468	-0.046977	-0.073982	-0.073982	0.038460	0.038460	-0.049137	0.060848	-0.017394	0.001318	0.034991	0.000424	0.028068	0.000933
0.024502	0.043549	0.013830	-0.011567	-0.041313	-0.037338	0.040243	-0.028188	-0.049890	-0.009709	-0.037515	-0.027610	0.018094	-0.063357	0.030557	0.007107	0.020029	-0.001969	0.003120	0.057462	-0.022141	-0.000037	0.035647	0.015143	0.022005	0.016589	-0.054379	-0.030304	-0.009745	-0.009745	-0.002603	-0.002603	-0.004561	-0.026614	0.011297	-0.029884	0.053719	-0.042182	0.021199	0.038480
0.005423	0.021997	0.006530	0.021055	0.012282	0.030264	0.006076	0.000317	-0.000484	0.039624	0.017342	-0.001282	0.011545	0.014817	-0.003142	0.007411	0.018048	-0.001231	-0.023036	0.010838	-0.000770	-0.012349	-0.009302	-0.031396	-0.019537	0.000387	0.023313	0.010851	-0.006659	-0.006659	0.015998	0.015998	0.010946	-0.006339	-0.012310	0.021887	0.000767	-0.003421	0.011247	-0.002840
0.018301	0.003164	-0.052332	0.003073	-0.013168	0.017143	0.025271	0.003718	-0.014679	0.035761	-0.000414	0.009068	0.019427	0.033358	-0.005662	0.009080	-0.008623	-0.013321	0.028440	-0.019518	0.002951	0.004979	-0.005447	0.008524	0.009040	-0.008349	0.011635	0.009273	-0.003156	-0.003156	-0.026913	-0.026913	0.018267	-0.008911	-0.001618	0.012081	0.008193	-0.029346	0.024326	0.000022
-0.058659	0.023118	0.022251	-0.066366	-0.030622	-0.006019	0.001109	0.012392	0.053032	0.037408	0.036573	0.073580	-0.048775	-0.085637	-0.010703	-0.025103	-0.015019	0.013318	-0.043881	-0.037627	-0.009571	0.048499	0.110369	-0.007076	-0.048696	0.043055	-0.046859	-0.020367	-0.022086	-0.022086	0.011647	0.011647	0.000065	0.002629	-0.034950	-0.072047	0.049732	0.077257	-0.088427	-0.017633
0.005674	0.012278	-0.024900	0.011070	0.007383	0.018641	0.027215	0.011204	0.013511	0.013739	-0.012643	0.011499	0.020219	-0.001870	-0.013040	0.018797	0.016556	0.006231	-0.017531	0.011213	-0.000980	-0.005746	0.023946	-0.026968	-0.020888	-0.015436	0.012494	0.006539	0.007236	0.007236	-0.003654	-0.003654	0.020011	-0.007717	0.014064	0.005777	0.034205	-0.034014	0.027622	-0.007990
-0.028653	-0.027407	-0.019915	0.023384	-0.014664	-0.036833	-0.053132	-0.040828	0.001008	-0.083633	0.029457	-0.033301	-0.009820	0.001565	-0.015041	-0.044287	0.007895	-0.017593	-0.002933	-0.001958	0.006546	-0.029315	0.004016	-0.029572	0.038986	-0.064924	0.024330	-0.027438	0.004768	0.004768	-0.036066	-0.036066	0.042840	0.062451	-0.045939	0.071591	0.000444	-0.011773	-0.058360	-0.000238
-0.026620	0.034781	0.008514	-0.021029	0.028056	-0.006570	-0.013686	-0.015751	0.074984	-0.007922	-0.059730	-0.009227	-0.013849	-0.038041	0.042753	-0.007353	-0.031431	-0.019953	0.007860	-0.000958	0.020545	-0.041576	0.005638	-0.010601	-0.035594	0.002968	0.029633	-0.022413	-0.008275	-0.008275	0.020591	0.020591	-0.029616	0.031924	-0.028403	0.036560	0.009284	-0.041426	0.024148	0.025839
0.019134	-0.020851	-0.034671	0.013724	0.019331	-0.002231	-0.002373	-0.015034	-0.008649	-0.000743	0.010312	0.044821	-0.024560	-0.021789	-0.026491	0.019037	0.030685	-0.010585	0.003676	0.027052	-0.005390	0.005753	0.011642	-0.030081	-0.004512	-0.023395	-0.020495	-0.027808	-0.011078	-0.011078	0.015264	0.015264	-0.016072	0.030346	0.009035	-0.002215	0.031299	0.001865	0.012171	-0.012709
0.001201	-0.028726	-0.025620	-0.030595	0.039607	-0.020199	0.049120	0.043710	0.045942	0.015255	-0.001970	0.001752	0.001485	0.001029	-0.032400	-0.037914	0.024589	-0.041841	0.005571	0.006881	0.011585	-0.030522	0.035594	-0.092119	0.078907	-0.044736	-0.038911	0.040875	-0.026477	-0.026477	0.021252	0.021252	-0.011402	-0.052716	0.059290	-0.011016	0.001305	0.043179	-0.043284	-0.016589
0.008353	-0.039660	0.009750	0.001778	0.047852	-0.051996	0.019421	-0.001249	0.010584	0.045241	0.043341	0.039238	-0.037927	-0.002501	0.001709	-0.030755	-0.001227	-0.043415	0.029297	-0.000828	0.052793	-0.001263	-0.025892	0.029172	0.030489	0.057800	-0.071157	-0.000538	-0.015020	-0.015020	-0.012363	-0.012363	0.002935	-0.012905	-0.043171	-0.009190	-0.024814	0.006345	0.028829	0.032255
-0.006201	-0.004980	-0.022337	-0.018923	-0.017643	0.043568	0.004327	0.019412	-0.016209	-0.026161	-0.027253	-0.008410	-0.001260	0.055094	-0.032710	-0.048383	-0.041650	-0.032418	0.031574	-0.030000	-0.017403	-0.006757	-0.030689	-0.010621	0.023563	-0.032060	0.021689	0.038864	-0.037195	-0.037195	-0.017853	-0.017853	0.000790	-0.015181	-0.024905	0.009579	-0.002707	-0.017258	0.013130	-0.042777
-0.007209	-0.031590	-0.005005	0.008448	0.065683	-0.020199	0.055820	-0.005253	0.007384	-0.068314	0.012972	-0.024156	-0.009964	0.043295	-0.025486	-0.017736	-0.034725	0.023607	-0.029262	-0.016907	-0.035617	-0.026833	-0.008270	0.045282	0.018766	0.004132	-0.059113	0.020427	0.017849	0.017849	-0.010300	-0.010300	0.031621	0.028434	-0.067239	-0.026033	0.020473	-0.023574	0.010113	0.001774
-0.020471	0.035713	-0.036742	-0.046349	-0.000127	0.018511	0.033110	0.055246	-0.051060	-0.017162	-0.096479	-0.010557	0.047363	0.007337	0.016752	-0.119304	-0.090742	-0.013399	-0.006417	-0.010051	0.063206	-0.022457	-0.020946	-0.035995	-0.045499	-0.028823	-0.043883	0.026237	-0.039027	-0.039027	0.008957	0.008957	-0.039173	0.027949	-0.063016	0.043774	0.002488	0.043354	-0.033373	0.025401
0.055120	-0.104236	0.000866	-0.007511	-0.008997	0.022956	0.005351	0.016515	0.094617	-0.021403	-0.023607	-0.025584	0.019260	-0.068414	0.003434	-0.017443	-0.051813	0.012089	-0.014125	0.043081	0.045243	-0.071571	-0.015802	0.036430	-0.021469	0.025605	0.014358	0.046881	0.028419	0.028419	-0.012851	-0.012851	-0.011405	0.008852	-0.094853	0.094167	-0.091044	0.028755	0.015183	-0.040640
-0.040239	-0.000464	0.030943	-0.063654	0.036913	0.032375	-0.008495	0.018364	-0.048875	-0.003868	0.056307	0.045921	0.003871	-0.013619	0.023369	-0.031937	-0.052796	-0.000142	0.034125	0.060030	-0.028168	-0.000020	0.029893	0.000789	-0.050094	0.050455	0.016535	-0.055705	0.013353	0.013353	-0.014792	-0.014792	0.014734	0.027171	0.032562	-0.018835	-0.010999	0.005390	0.042751	0.008653
-0.072037	0.028758	0.030481	-0.046639	-0.047332	0.004742	-0.042090	0.043506	0.048561	-0.068458	0.004233	0.077883	-0.068892	-0.042014	-0.008866	-0.004384	-0.031156	-0.027366	-0.003901	-0.059760	0.054231	-0.011896	-0.033401	-0.010052	0.038223	-0.002022	0.002365	-0.042109	0.021551	0.021551	0.016865	0.016865	-0.003066	-0.007624	-0.041519	0.030347	-0.035527	0.020388	0.015773	0.005870
-0.032111	-0.006283	0.000323	-0.066881	-0.026447	0.007473	-0.014000	0.012225	0.050012	0.013710	-0.035381	0.044761	-0.038398	0.040849	-0.079502	0.060461	0.046028	-0.008006	-0.027026	-0.004534	0.038545	-0.030021	0.042972	-0.020846	-0.001770	0.053377	0.019877	0.011508	-0.000845	-0.000845	-0.006942	-0.006942	-0.014098	-0.044830	0.026102	0.073738	-0.039524	-0.071240	0.036245	0.028681
0.035767	0.027917	0.034059	-0.018582	-0.041788	-0.024482	0.018837	-0.026544	-0.030125	-0.009442	-0.003229	-0.033243	0.015928	0.004292	0.005349	0.028172	0.020361	0.014740	0.015630	-0.000183	-0.049158	0.002821	0.011741	0.019204	0.003388	-0.028496	0.016541	0.031821	0.006353	0.006353	-0.012664	-0.012664	0.025049	-0.010060	-0.017475	-0.003756	-0.014578	0.075935	-0.007316	0.036811
-0.001563	0.001333	0.002463	0.019241	0.023596	0.004324	0.000500	0.015435	0.003047	0.027410	0.014143	0.014502	-0.007650	0.020343	-0.025135	0.007330	0.028739	-0.006641	-0.025655	0.027040	0.000580	0.000957	-0.004682	-0.000912	0.005225	-0.011804	0.002862	0.011455	0.016406	0.016406	-0.029510	-0.029510	-0.004684	-0.022979	-0.003234	-0.008282	-0.016502	0.043914	0.008424	-0.001438
-0.015857	-0.010012	-0.011300	-0.035756	0.013394	0.024781	0.020535	-0.053904	0.016098	0.009739	0.001983	0.000951	-0.023557	0.043558	-0.029202	0.012836	0.030230	-0.002450	0.026871	0.055771	-0.028603	0.043234	-0.011245	-0.011719	-0.032335	0.009677	0.026387	-0.011941	0.012151	0.012151	-0.011282	-0.011282	-0.022793	0.004590	0.005659	0.005155	0.000902	0.008459	0.011839	-0.039234
0.023338	0.020030	-0.013892	0.009650	0.016403	0.017557	-0.004749	0.024483	0.000665	0.014437	-0.018220	0.005377	0.013891	0.007891	-0.011545	0.017100	-0.010900	0.017822	-0.009854	-0.002033	-0.023952	-0.020326	-0.006319	-0.017062	-0.004017	0.028925	-0.025352	-0.023219	-0.012974	-0.012974	0.007296	0.007296	0.019955	-0.013278	-0.015792	0.008099	0.007899	-0.018727	0.001261	-0.015055
-0.044009	0.020115	0.020147	-0.025525	0.011418	0.031880	-0.013903	0.016005	0.004069	-0.025925	0.011711	-0.010449	0.008345	0.020642	-0.031904	0.031064	0.024996	0.054959	0.045385	0.029354	0.018126	-0.011791	0.013423	0.029658	-0.001124	0.023681	-0.050765	0.010272	0.012808	0.012808	-0.005587	-0.005587	-0.002121	-0.006871	-0.004971	-0.001595	0.000730	-0.010042	0.005626	-0.001292
-0.001147	-0.008745	-0.007288	0.036266	0.006863	0.015989	0.007192	0.015517	-0.009866	-0.008691	0.008518	0.009290	0.001161	0.018970	-0.048474	0.026820	0.035959	-0.015606	-0.034404	0.003763	0.021808	0.003372	0.021060	-0.006284	-0.020919	-0.004950	-0.005722	-0.014839	-0.002768	-0.002768	-0.006452	-0.006452	-0.007217	0.033545	0.010307	-0.013569	0.011630	-0.008201	-0.026478	-0.012956
-0.027038	-0.016516	0.004471	-0.010030	0.026152	-0.032274	-0.017469	-0.005716	-0.017862	-0.046847	-0.031413	0.014006	-0.022129	-0.010582	0.019542	0.002595	0.055164	0.043229	0.070877	0.039141	0.012736	-0.028342	0.041967	0.013611	0.055764	-0.085431	-0.002568	-0.003552	0.065860	0.065860	-0.017966	-0.017966	0.042064	0.004807	0.033819	-0.072116	-0.004128	0.008166	0.101728	-0.012386
0.058239	-0.001758	0.026428	-0.012900	-0.010648	0.002745	-0.011060	0.010496	0.001449	-0.016889	-0.004276	0.008539	-0.013686	0.001107	0.012221	0.007502	0.013170	-0.040655	-0.007181	0.009654	-0.019009	-0.006503	-0.001835	0.016316	0.016793	-0.024637	-0.008761	-0.026744	-0.009151	-0.009151	0.006162	0.006162	0.014430	0.018572	0.051936	-0.017272	0.040024	-0.011842	0.011128	-0.015764
-0.049177	-0.041902	0.055677	0.056135	-0.035334	-0.066308	-0.007858	0.006672	0.016596	0.034865	0.023378	0.047862	-0.000216	0.037621	0.041991	0.025692	-0.004284	-0.037617	-0.017747	-0.034969	-0.017872	-0.045129	-0.040949	-0.038968	0.079080	-0.116816	-0.063811	-0.004952	-0.015503	-0.015503	0.006848	0.006848	-0.040580	-0.014738	0.031799	-0.014742	0.023088	0.004801	0.000421	0.047926
0.052172	0.015035	0.009167	-0.035589	-0.021492	-0.046931	-0.019117	0.025089	-0.012935	-0.010673	0.009412	0.004771	-0.000117	0.029894	-0.023305	0.017183	0.040705	-0.032760	-0.028160	-0.028290	-0.013625	-0.068489	-0.031509	-0.007297	0.021757	0.057910	-0.098339	-0.036759	-0.013552	-0.013552	0.048806	0.048806	-0.005814	0.055489	0.029825	0.037862	-0.022655	0.005054	-0.009103	-0.010164
-0.002613	-0.005318	-0.041412	0.007337	-0.044812	0.013896	0.017122	-0.006523	-0.005589	0.035608	0.026245	0.033743	-0.023393	0.001969	0.006013	-0.018736	-0.001388	-0.043640	0.001792	-0.036193	-0.004166	-0.013957	-0.061334	0.022554	0.024809	0.041660	-0.025935	-0.045274	0.014474	0.014474	-0.002863	-0.002863	0.024551	-0.037479	0.011167	0.003818	-0.119988	0.074100	-0.024467	-0.005958
0.034430	0.023621	0.045488	0.045461	0.009189	0.043715	-0.006987	0.001582	-0.029608	-0.006172	-0.000680	0.007181	-0.030689	-0.007209	0.002093	-0.031976	-0.010268	-0.015213	-0.009092	-0.012243	0.016254	0.008980	-0.007213	0.013423	-0.005108	-0.007244	0.004594	-0.007341	-0.002315	-0.002315	0.019597	0.019597	0.008222	0.000589	0.008295	0.004307	0.006995	0.005268	0.007396	0.005042
-0.010494	-0.073332	0.049750	0.002000	0.033913	-0.048981	0.019883	-0.017810	0.019586	0.002709	-0.038754	0.039252	0.003155	-0.035743	0.032161	0.007735	-0.031374	-0.003384	0.048474	0.013789	-0.001964	-0.021338	-0.039311	0.004889	-0.015847	0.030690	-0.042115	-0.009162	0.022450	0.022450	0.019079	0.019079	0.027383	-0.005455	0.043398	-0.068935	0.058006	-0.020301	0.004814	-0.038938
0.012885	-0.036442	-0.039070	0.042914	0.002792	-0.007354	0.054762	0.013558	-0.010553	-0.005720	-0.001639	0.009124	-0.018862	-0.020977	-0.026039	0.005552	0.013521	-0.008005	0.012887	-0.026710	0.017708	0.010355	0.005299	0.045141	-0.009532	0.009839	0.065684	-0.042235	-0.022639	-0.022639	-0.005797	-0.005797	-0.034431	-0.007962	-0.047944	-0.019828	0.004141	0.002341	0.019448	0.026750
-0.001673	-0.078935	0.058814	-0.022974	0.011322	0.034591	0.013664	-0.068071	-0.026472	0.024562	-0.067671	0.040770	0.025276	-0.040743	-0.001525	-0.063311	-0.049522	-0.053032	0.013211	-0.040958	0.047247	0.005228	0.022501	0.006117	-0.027696	0.044656	-0.011771	0.013473	0.001686	0.001686	-0.003882	-0.003882	0.094676	-0.040522	0.003219	-0.008214	-0.015350	0.048822	-0.014893	-0.143548
-0.025791	0.027587	-0.015122	0.036634	-0.000343	-0.030242	-0.067105	-0.071873	0.010316	-0.034348	-0.008707	-0.031524	0.110061	0.012868	0.029035	-0.020560	0.022531	-0.080413	-0.009443	-0.003818	0.060390	0.001387	-0.007585	0.027968	-0.045213	0.091113	0.007897	0.017442	0.015756	0.015756	-0.022458	-0.022458	-0.089439	0.047872	0.038848	-0.089298	-0.009050	0.125230	-0.076300	0.039916
0.008159	-0.005439	-0.042520	0.028673	-0.001049	0.011471	0.022695	0.017136	-0.015637	-0.005308	0.034626	0.000117	0.007341	-0.022542	-0.001496	-0.009553	-0.018415	0.017996	0.020199	-0.014722	-0.000072	0.009834	0.014879	0.012207	0.041476	-0.026233	-0.050702	-0.062225	0.021086	0.021086	-0.003274	-0.003274	0.011125	0.008625	0.009878	0.008056	0.031566	0.031432	-0.009914	-0.012840
-0.055778	0.011325	-0.001552	-0.046320	-0.003798	0.008363	0.056262	-0.005493	0.011146	0.063936	0.109571	-0.006451	0.077568	-0.003723	0.053364	-0.006541	0.033845	-0.074130	-0.038147	0.080653	-0.086626	0.053624	-0.010724	0.016396	0.096508	-0.077730	0.000909	0.024720	-0.015258	-0.015258	-0.003796	-0.003796	0.106480	-0.003063	-0.053463	0.045388	-0.004355	-0.061494	0.084041	0.053894
0.019182	-0.042369	-0.029992	-0.001042	-0.000708	0.004010	-0.046588	-0.031117	0.019843	-0.046209	-0.004416	0.029112	-0.005625	-0.047576	-0.012155	0.005422	-0.010975	0.021100	-0.005605	0.038601	-0.045052	0.024018	-0.003862	-0.026441	0.039483	-0.027143	-0.024818	-0.057863	-0.015866	-0.015866	0.004184	0.004184	-0.003450	-0.003534	-0.007068	0.003719	0.019745	-0.027387	0.023114	0.007397
0.020365	-0.023863	-0.036870	0.014568	-0.007903	0.025749	0.036671	0.007469	-0.007083	0.025198	-0.007944	0.001998	0.010634	0.038590	-0.049245	0.008564	0.006425	-0.037059	0.030042	-0.036127	0.010275	0.017201	-0.006439	0.015825	-0.006078	0.007602	0.017039	-0.010428	-0.003484	-0.003484	-0.017787	-0.017787	-0.010201	0.010069	0.003432	-0.007073	0.009026	-0.024366	0.016976	-0.008833
-0.000320	0.025454	-0.015454	-0.011005	0.024352	0.005563	0.030834	-0.029696	-0.001761	0.020731	0.012928	-0.021852	-0.028250	-0.019741	0.049418	0.004944	0.006912	-0.026860	-0.053830	0.010769	-0.005867	-0.021908	-0.004067	0.010737	0.016310	0.052789	0.019377	-0.005141	-0.014360	-0.014360	-0.065180	-0.065180	-0.068570	0.026549	0.002369	0.001794	0.012728	-0.018040	-0.003729	-0.007883
0.019065	-0.031254	-0.028921	-0.026795	0.009729	0.025136	-0.056411	0.018151	-0.006429	-0.002770	-0.014018	-0.016939	0.020395	0.020755	-0.038578	-0.032411	0.010567	-0.033819	0.005301	0.014681	-0.053274	-0.031725	-0.013316	0.019790	0.053021	0.017271	-0.027490	-0.053376	0.022585	0.022585	-0.007237	-0.007237	0.037011	-0.030611	-0.008220	-0.040337	0.010691	0.021984	-0.000336	0.046610
0.033702	0.024625	0.030372	0.060349	0.011920	0.050205	-0.035413	0.016662	-0.011348	-0.004328	-0.021411	0.030787	-0.013376	0.002110	0.001084	0.008642	0.002666	0.015686	-0.027071	-0.001387	0.010105	0.001782	0.000837	-0.013211	0.000305	-0.010442	0.022555	0.005948	-0.013964	-0.013964	-0.049671	-0.049671	0.003959	0.017259	0.007076	-0.037611	0.007661	-0.025014	0.010262	-0.020848
0.015844	0.005518	-0.020635	0.009500	0.004591	0.024261	-0.011959	-0.029706	-0.025747	0.009076	0.005894	0.034428	-0.054850	-0.027152	0.017869	-0.035342	-0.040354	-0.034094	-0.008848	-0.043232	0.024157	-0.004150	0.023988	0.018674	-0.011835	-0.023918	0.007190	0.025814	-0.006957	-0.006957	-0.002985	-0.002985	0.042028	-0.037354	-0.002642	-0.030930	-0.050987	0.009641	0.029819	0.055137
-0.011323	-0.026347	0.013380	-0.009663	0.069448	-0.002341	0.000364	0.017321	-0.032007	-0.023146	-0.014985	0.004557	0.036622	-0.008944	0.037813	-0.010211	-0.000740	0.013196	0.054058	0.025636	-0.001358	-0.021328	0.036367	0.011569	0.009337	0.008256	0.004184	-0.002750	-0.037629	-0.037629	0.012772	0.012772	-0.005934	-0.007444	0.022933	-0.004185	-0.006589	-0.027238	-0.040045	0.020836
-0.005871	0.044012	0.007399	-0.017243	0.055362	-0.031546	-0.011697	-0.051617	0.013713	0.044663	0.001895	-0.064092	0.049833	-0.034720	0.015247	-0.008436	-0.026412	-0.003003	-0.005505	-0.031508	0.031181	-0.028581	0.018467	0.026650	-0.008668	-0.000541	-0.023391	-0.046026	0.007394	0.007394	0.004867	0.004867	0.049685	0.015217	-0.012761	0.000434	-0.008869	-0.042107	0.046625	-0.031341
0.026502	0.021842	0.044814	0.004477	-0.024129	-0.027876	0.009565	-0.038722	-0.022531	-0.001633	-0.011556	-0.013383	-0.006390	0.020420	-0.000065	0.011678	0.004256	-0.013188	0.054895	-0.010568	0.030253	-0.026826	-0.013168	0.007746	0.006099	0.063327	-0.070467	-0.056217	0.002436	0.002436	0.033007	0.033007	-0.007500	0.009009	-0.014628	0.044126	-0.021878	-0.018756	0.004463	0.000722
-0.036182	0.008322	-0.002488	-0.007500	0.024180	0.012156	0.033957	-0.031166	-0.038735	-0.043991	0.012808	-0.008022	0.013707	-0.020573	0.091759	-0.017392	-0.049447	0.061221	-0.037762	0.022980	-0.058104	-0.010698	0.006838	0.006379	0.013187	-0.035584	-0.026476	-0.013662	0.028750	0.028750	-0.003008	-0.003008	-0.092379	0.031293	-0.018491	0.111218	-0.055285	0.014660	-0.066942	0.010715
-0.020912	0.022877	-0.024139	-0.047488	-0.008087	0.011050	-0.023276	-0.020202	0.018934	0.032244	-0.033927	-0.017247	0.012600	0.047402	-0.053715	-0.017819	0.013686	-0.046458	0.026466	0.009691	0.014847	0.016229	-0.001380	-0.000082	0.014629	0.026751	-0.007484	-0.064716	-0.000093	-0.000093	-0.026061	-0.026061	-0.004379	0.066405	0.000313	0.009861	0.048728	-0.023716	0.017813	-0.010052
0.010591	0.024776	0.048061	0.004864	0.028300	0.025865	0.006528	-0.018994	0.027909	0.008806	0.001039	-0.003910	0.014489	-0.000524	-0.019472	-0.007861	-0.006984	-0.004599	0.023597	-0.013843	0.005297	-0.017362	-0.024695	0.007206	-0.001857	0.007030	0.018785	0.004317	-0.021231	-0.021231	0.001602	0.001602	-0.019429	0.017045	-0.004173	0.000988	0.004661	-0.017453	-0.002089	0.011162
0.020017	-0.009139	-0.026677	-0.011550	0.016838	0.012899	0.002062	-0.002054	0.029771	0.028126	-0.010440	0.018215	-0.030713	0.019960	-0.028494	0.002879	0.025417	-0.023486	-0.025299	0.019790	-0.025955	-0.006497	-0.000744	0.003304	-0.010801	0.003318	-0.007640	-0.017602	0.008495	0.008495	-0.007380	-0.007380	0.002231	0.029429	0.018410	-0.017552	0.023517	0.007451	-0.000443	-0.004909
-0.033218	0.007892	0.006717	0.018876	-0.021695	0.017755	0.003215	0.010209	0.003871	-0.032136	-0.041531	-0.000085	-0.016239	-0.000059	0.008888	0.030419	0.035728	0.007624	0.018793	0.010789	0.013612	-0.021905	-0.007152	0.000471	0.038228	-0.080773	0.000227	0.012378	0.003626	0.003626	-0.011950	-0.011950	0.022021	0.041685	-0.000846	-0.017100	-0.029597	0.018696	-0.033050	0.023971
-0.010739	-0.028327	-0.017262	0.048817	0.010032	-0.039935	-0.029745	-0.068183	0.016219	-0.044214	0.015719	-0.031405	0.045019	-0.014776	0.012081	-0.008896	0.008914	0.005063	0.003792	-0.011569	-0.000679	0.036451	0.017237	-0.039504	-0.016149	0.024437	0.010327	-0.032657	-0.023385	-0.023385	0.014512	0.014512	0.012303	-0.044372	0.004563	0.000604	0.030241	-0.008212	-0.020849	-0.016671
0.008599	-0.014380	-0.020747	-0.034542	0.033472	-0.002046	0.006333	-0.067238	-0.013790	0.002682	-0.035968	0.018187	-0.060983	-0.010149	0.050280	0.005981	-0.000419	0.039863	0.006110	0.013120	-0.037234	-0.015981	-0.010511	0.024098	-0.007790	-0.022786	0.011710	0.007793	0.011973	0.011973	-0.010504	-0.010504	-0.023316	0.018084	0.034353	-0.016661	-0.002406	-0.003024	-0.001404	-0.018488
-0.018849	-0.012427	-0.034919	-0.010112	0.001699	-0.006625	0.015164	-0.048586	0.037924	-0.033948	-0.032278	-0.028763	0.041643	0.037569	-0.017594	0.004029	-0.000659	-0.041328	-0.022840	0.031891	-0.048293	0.041227	0.010528	0.006285	-0.043056	0.057761	-0.022871	-0.071701	0.010666	0.010666	0.059477	0.059477	-0.000814	-0.008027	0.014520	-0.014383	-0.002946	0.016216	-0.002742	-0.023376
0.015597	-0.032325	0.034199	0.014111	0.033532	0.030935	0.018214	-0.028742	0.003645	0.008925	0.004888	0.025649	0.009064	-0.012521	-0.008886	-0.021674	-0.021380	0.018960	0.017768	0.006382	0.016572	0.010535	0.020522	-0.040746	-0.001258	-0.013570	0.011795	0.020968	-0.018909	-0.018909	-0.000468	-0.000468	-0.004981	-0.017981	-0.006695	0.012154	-0.017543	0.011398	0.019581	0.016719
-0.010979	0.024932	-0.020916	0.008345	-0.002284	0.012365	0.008866	0.001667	0.004236	0.024816	0.002468	-0.000731	0.004391	0.021553	-0.001212	-0.013058	0.003412	-0.036766	-0.016308	0.011132	0.009964	-0.002465	-0.019844	0.027693	-0.027363	0.018646	-0.011009	-0.012236	0.021520	0.021520	0.025596	0.025596	0.019579	0.011776	-0.004771	0.010213	0.018432	0.016143	0.009614	-0.021694
-0.003060	-0.016910	-0.005492	0.030348	-0.021582	0.032285	0.019611	-0.016381	0.024863	0.015691	0.000803	-0.012603	-0.008252	0.002856	-0.016340	0.018266	0.019396	0.015933	0.017985	0.017593	-0.006898	-0.001845	0.017755	0.004739	0.023622	-0.004062	-0.052364	-0.049240	-0.008838	-0.008838	-0.000595	-0.000595	-0.004231	0.011846	0.000786	-0.014013	-0.000223	0.018239	-0.010378	0.008319
0.020612	-0.062068	0.018225	0.005603	0.002452	0.005297	-0.003757	-0.005697	-0.008844	0.015367	-0.067353	0.015172	0.016340	-0.026809	-0.002351	-0.006462	-0.021174	0.019844	-0.018947	0.026431	-0.012634	0.016577	0.003663	-0.012817	-0.007704	0.010538	0.010263	0.007569	-0.014020	-0.014020	0.000776	0.000776	0.010110	0.013387	-0.024274	0.044041	-0.020183	-0.046168	0.007777	0.095852
-0.034660	0.013022	-0.020667	-0.022933	-0.040020	0.049454	0.031890	0.034500	-0.038190	0.001334	-0.023433	-0.042422	0.060783	0.053907	-0.005744	-0.058095	-0.067824	0.010615	-0.005184	-0.027232	0.010497	-0.016382	-0.006107	-0.007038	0.052350	-0.033147	-0.049187	-0.034496	-0.017610	-0.017610	-0.010226	-0.010226	0.007388	0.019175	-0.020672	0.010859	0.005592	-0.004738	0.023127	-0.004457
-0.012805	-0.004860	0.029489	0.001192	-0.006292	-0.002996	-0.039043	0.004164	-0.034285	0.029660	-0.036482	0.023833	-0.028335	-0.023443	0.014721	0.037801	0.041777	0.012910	0.021831	0.016783	0.001758	0.000998	-0.006736	-0.002175	-0.033109	0.016396	-0.019215	-0.049014	-0.000004	-0.000004	0.026095	0.026095	0.025942	0.016371	-0.006976	0.005542	0.005994	-0.010627	0.049016	0.003858
-0.013862	0.016238	-0.026294	-0.012549	0.010469	0.014576	0.000393	-0.023868	0.040105	0.007005	-0.030227	-0.025669	0.031421	-0.018088	0.014380	0.023154	0.003723	0.005189	0.010220	0.024516	-0.014736	0.010700	0.004223	0.003630	-0.005779	0.023933	-0.021478	-0.027222	-0.003512	-0.003512	0.002292	0.002292	0.000992	-0.014980	-0.001294	-0.015065	0.017083	-0.021822	-0.012671	-0.012836
-0.000421	0.009988	-0.050133	-0.035711	0.013918	-0.013119	0.001009	0.021702	0.018446	-0.000669	-0.032096	0.003663	-0.026659	-0.023628	0.040858	0.006624	0.004771	-0.002832	0.001219	-0.004652	0.005135	0.028187	0.024938	-0.019893	-0.044467	0.007197	-0.046831	0.012652	-0.031556	-0.031556	0.032435	0.032435	-0.006592	0.004029	0.023554	0.014748	0.046108	0.008712	0.038520	-0.012747
0.021781	0.002779	-0.010380	-0.009027	0.054947	0.012821	-0.046154	0.019189	-0.040689	0.000429	0.009868	-0.011506	0.005461	0.010220	-0.023317	0.001285	0.010090	-0.029774	-0.030894	-0.008825	-0.002468	-0.035104	-0.009209	0.000112	-0.009919	0.007818	-0.011829	-0.043797	0.002635	0.002635	0.020499	0.020499	0.011769	0.028729	-0.012588	0.002144	0.017991	0.000786	0.030298	-0.029710
-0.051791	0.018229	-0.007032	-0.025001	-0.006504	0.006856	0.023899	0.030065	0.001263	-0.075888	-0.069995	-0.008400	0.018734	-0.029315	0.066394	0.020294	0.032627	0.012770	-0.038747	-0.059359	0.034561	0.069358	-0.081619	-0.016781	0.062391	-0.042754	-0.020045	-0.029980	-0.021662	-0.021662	0.019411	0.019411	0.032997	-0.010703	0.023628	-0.010115	-0.030730	-0.039800	0.072915	-0.059519
0.012891	0.014591	0.004807	0.008875	0.036449	0.009101	0.029261	0.008363	0.015898	0.023500	0.037038	-0.030458	-0.000619	0.002223	0.017707	-0.015284	-0.021623	-0.001908	0.013074	0.002437	0.027117	-0.025561	-0.003713	-0.032543	0.005485	-0.020245	0.010914	-0.029291	-0.019830	-0.019830	0.021309	0.021309	0.020955	-0.021887	-0.001263	0.010880	-0.016341	0.008233	0.015410	-0.048017
-0.056980	0.007681	0.032003	-0.038368	-0.004676	0.024679	-0.004303	0.059200	-0.057197	-0.004082	0.017520	0.021778	-0.012479	-0.013488	0.013800	-0.001110	0.015727	0.008249	-0.021048	-0.002205	-0.037364	0.028475	0.009450	0.023855	-0.051975	0.047297	0.027752	-0.021996	0.038784	0.038784	0.008352	0.008352	0.010708	0.093877	-0.013163	0.024144	-0.047624	0.041848	-0.072727	0.010196
-0.022127	-0.068845	0.033155	0.017885	-0.048562	-0.024634	-0.032811	0.000773	0.074995	0.051260	-0.051730	-0.023273	0.014232	-0.018795	0.003837	-0.025772	0.005427	-0.052141	-0.031728	-0.018325	-0.059304	0.066309	0.034538	-0.059422	0.048149	-0.098644	0.058989	-0.013965	-0.034317	-0.034317	-0.031140	-0.031140	-0.060491	0.057359	-0.002283	0.024638	-0.002197	-0.024138	0.017141	-0.034800
-0.012087	-0.035589	0.002704	-0.002743	0.010299	-0.001409	-0.011657	0.020290	0.011505	-0.001720	-0.045438	-0.026539	-0.017385	0.002574	0.002370	0.000781	-0.032241	0.006753	-0.031937	0.007597	-0.055520	0.034910	-0.003059	-0.020909	0.045321	-0.011908	-0.027536	-0.072942	0.013050	0.013050	0.002509	0.002509	-0.021734	0.020813	-0.016241	0.006129	0.013805	0.029028	-0.015616	-0.011810
-0.012477	-0.014053	-0.017890	-0.000762	0.027591	-0.007466	0.034234	-0.019184	0.035777	-0.027188	0.022344	-0.000794	-0.039910	-0.000027	0.049021	0.002690	0.003904	-0.004395	0.027191	0.073517	-0.029013	-0.002087	-0.003757	-0.063778	-0.029329	-0.010195	-0.053942	0.020521	-0.024402	-0.024402	0.008530	0.008530	0.001831	-0.008060	-0.004196	-0.028810	0.024654	0.045113	-0.007926	-0.032610
-0.047684	-0.008173	0.042198	-0.009829	-0.011471	0.020946	0.002190	-0.025447	0.014033	-0.046218	0.013712	0.050958	-0.062151	-0.016265	0.001578	0.005772	-0.017699	-0.011667	0.062219	-0.032122	-0.005306	0.028853	-0.000225	-0.058920	-0.031781	0.019167	-0.006025	-0.012561	-0.041848	-0.041848	0.002552	0.002552	0.015559	-0.022374	0.036542	-0.011165	-0.012989	0.018196	0.014125	0.057844
-0.016969	0.012445	0.004852	0.018423	0.030339	0.006770	-0.028864	0.002228	0.001339	-0.020598	-0.038324	-0.020684	0.060259	0.033428	0.003880	-0.024340	0.004681	-0.027183	0.009210	-0.012673	0.021225	-0.024742	0.013330	0.024062	0.006261	-0.001331	0.000168	-0.010167	0.005208	0.005208	0.011470	0.011470	0.013595	0.007405	0.029598	-0.028956	-0.001517	-0.020766	-0.006565	0.014756
0.007962	-0.009585	-0.043362	0.002319	0.000039	-0.001492	0.010847	-0.007684	-0.005368	0.002789	0.023454	0.050946	-0.041504	-0.042404	-0.000963	0.011743	-0.005554	-0.003350	0.006964	0.032327	-0.007905	0.014977	0.015291	-0.015435	0.017056	-0.025910	-0.018730	-0.023399	-0.012868	-0.012868	-0.002022	-0.002022	-0.011755	0.015010	0.026750	-0.019313	0.019144	0.018547	-0.026143	-0.022883
-0.012124	0.011021	0.054843	0.031351	0.034309	0.024782	0.013581	-0.027044	0.016150	0.010730	0.041577	-0.008705	0.019075	0.042947	-0.010239	0.012600	0.018841	-0.026356	0.032536	-0.021523	0.028345	-0.005805	-0.029600	-0.034942	-0.008452	0.001828	0.006653	0.003780	-0.025026	-0.025026	0.003571	0.003571	-0.015536	-0.011318	0.012530	-0.015555	0.013680	0.044157	-0.006289	-0.002426
-0.013486	-0.063429	0.017865	-0.025683	-0.015211	0.050478	0.007298	0.023661	-0.052204	-0.046118	0.069953	-0.202384	0.006493	-0.101431	-0.056955	0.126077	0.070774	-0.066086	-0.045736	-0.006725	0.035602	0.041342	0.022949	-0.013546	-0.019058	-0.011662	-0.056928	0.045138	-0.008747	-0.008747	-0.007364	-0.007364	0.008297	0.020072	0.072452	-0.042033	-0.016838	-0.002276	0.012437	0.014938
-0.023299	0.021955	-0.001075	0.016134	-0.012963	0.037194	0.014738	0.009596	-0.005743	0.007507	0.002314	-0.002589	0.018019	0.033999	-0.015820	0.005464	0.007793	-0.009438	0.005061	0.013583	0.015708	-0.015901	0.017272	0.019035	0.018812	-0.002543	-0.008254	-0.001145	0.011629	0.011629	-0.005889	-0.005889	0.006008	-0.002290	-0.008666	0.000223	0.009712	0.018629	-0.012257	-0.008043
-0.052696	-0.003249	0.019233	0.009278	-0.051489	0.016409	0.014725	-0.057196	0.013130	0.007777	0.014986	-0.020305	0.031234	0.047235	-0.013849	0.009431	-0.028115	0.032527	-0.013640	0.000515	-0.016118	0.006671	-0.002804	-0.027043	0.036040	-0.014032	-0.062444	0.016686	-0.015582	-0.015582	0.027284	0.027284	0.005003	0.000795	0.002947	0.003869	0.050826	-0.020917	0.008040	-0.011896
-0.022398	0.028116	-0.006130	0.003510	-0.010937	-0.014870	0.007829	0.017869	0.030731	0.009326	-0.007410	0.020899	-0.007001	-0.024308	-0.022252	0.046110	0.060053	0.027657	-0.012389	0.039235	0.049548	-0.036148	0.036317	-0.030919	0.001853	0.005223	-0.034136	-0.017568	-0.008920	-0.008920	0.003824	0.003824	0.019698	-0.004730	-0.016339	-0.019017	0.024763	0.006705	0.022894	0.005833
0.024014	0.010346	0.048326	0.044395	0.039462	0.051381	-0.020644	0.005438	0.015710	0.002525	0.004217	-0.003852	-0.010058	-0.000141	-0.007874	-0.012082	-0.016473	-0.003390	0.007680	-0.019919	0.003917	-0.001166	0.004560	-0.031124	0.001895	-0.012214	0.001593	-0.018115	-0.001841	-0.001841	0.024608	0.024608	0.007233	0.008525	0.004233	-0.001955	0.006113	0.009673	0.004250	0.017396
-0.041404	0.028845	-0.024649	-0.019028	-0.028753	0.018176	-0.007575	0.001807	0.027600	-0.020234	0.014325	-0.003202	-0.035696	-0.030709	0.007244	0.016893	0.015012	0.013824	-0.007872	0.004800	0.020575	0.003592	-0.000700	0.041265	0.052464	-0.023378	-0.007256	0.022033	0.013969	0.013969	0.014180	0.014180	-0.017485	-0.024362	-0.002820	-0.038764	0.044082	-0.012554	0.021717	-0.047069
-0.031241	0.014116	-0.041455	-0.006672	-0.036653	-0.002251	0.012253	-0.051345	-0.014173	0.028461	-0.034911	0.015457	-0.027641	0.000471	0.016244	0.047380	0.045227	0.018245	0.039206	0.013042	0.037110	0.013776	0.031710	0.015654	0.008093	0.000225	-0.004924	0.016072	-0.009290	-0.009290	0.005010	0.005010	-0.002208	-0.078092	0.020741	-0.024866	-0.025595	0.012658	-0.046959	-0.012389
-0.034631	-0.002872	0.036032	0.031932	0.011282	-0.011784	0.013686	0.002438	-0.045387	-0.040992	-0.043474	0.064211	-0.001368	0.025899	0.006120	0.058007	0.028441	0.023180	-0.063853	-0.021333	0.021596	-0.010668	-0.082741	-0.011886	0.044327	-0.054854	0.003075	-0.011113	-0.005795	-0.005795	-0.041582	-0.041582	0.043282	-0.001433	0.025783	-0.041524	-0.012692	0.004080	-0.011178	-0.094068
-0.037652	0.031019	-0.002775	-0.029596	-0.020064	0.015747	-0.009079	-0.019446	0.029836	-0.012918	-0.042936	0.023457	-0.061045	-0.035047	0.022626	0.036523	0.023070	0.016591	-0.032772	-0.038752	0.039628	-0.029661	-0.040280	0.010720	0.018957	0.031782	0.021775	0.008637	0.010322	0.010322	0.008791	0.008791	-0.014066	-0.063779	0.008096	0.004787	0.064444	-0.008290	0.023473	0.041781
-0.003440	-0.044070	-0.002301	-0.004035	0.024409	-0.022822	-0.023155	0.029519	-0.057197	0.014390	-0.004330	-0.006414	0.016871	-0.019163	-0.014034	-0.010434	0.016763	0.012149	0.045486	0.037916	0.009144	-0.009226	-0.000490	0.027012	0.004670	0.024166	0.009169	-0.032165	-0.001312	-0.001312	0.036472	0.036472	-0.016304	-0.040781	0.026658	0.022725	0.019388	-0.023159	0.017641	0.019831
-0.020247	0.017857	0.012926	0.023824	0.014947	0.016751	0.015787	0.003242	0.022035	0.026169	0.002393	-0.014168	-0.006842	0.037370	-0.022185	-0.001489	0.001914	-0.032128	0.012509	-0.016161	0.003125	0.019722	-0.016490	-0.009982	0.011292	-0.003666	-0.004573	0.011744	-0.017259	-0.017259	-0.004566	-0.004566	-0.004001	-0.013424	-0.016291	-0.012699	-0.018693	0.038343	-0.019969	-0.037999
-0.010335	0.005538	-0.016932	0.016474	0.020975	0.003264	0.001303	0.045639	-0.012564	-0.031220	0.023203	0.008755	-0.027726	0.005284	-0.019130	0.005637	0.012979	-0.003123	-0.043094	-0.000511	0.019572	-0.016116	0.005617	0.014877	0.034952	-0.026129	0.005311	0.003885	0.005702	0.005702	-0.004809	-0.004809	-0.028746	-0.003272	-0.024305	-0.022698	-0.007965	0.031136	-0.028315	-0.021400
0.007408	0.005376	-0.018896	-0.011127	0.026846	0.000898	-0.051001	0.019084	-0.006838	0.003508	0.018885	-0.011139	0.025832	-0.017486	0.003461	-0.012374	-0.010278	0.012268	-0.034371	0.002808	-0.046307	0.002421	0.008407	0.003776	-0.017444	0.037273	-0.014246	-0.015385	-0.014560	-0.014560	0.011914	0.011914	-0.006598	-0.031457	0.013551	-0.004479	-0.020109	-0.007927	0.008415	-0.040852
0.003916	0.010535	0.013651	-0.069418	0.023728	0.022620	-0.010836	-0.027657	-0.032491	0.037457	-0.006694	-0.043528	0.022891	0.033897	-0.023281	-0.003530	-0.007309	0.039170	0.030383	-0.025783	0.013368	-0.002434	-0.030465	-0.013245	0.019780	-0.032743	0.075805	0.035309	-0.004692	-0.004692	-0.018399	-0.018399	-0.069797	0.021423	0.013791	-0.023163	-0.014661	0.026906	-0.012528	-0.021395
0.034595	0.033431	0.001337	-0.049878	-0.012065	-0.099023	0.041205	-0.003866	-0.004312	-0.044347	-0.023176	-0.050543	0.045442	0.020523	-0.048343	0.046973	-0.043435	0.061652	-0.002296	0.019218	-0.042086	-0.023418	0.036893	-0.029506	0.027470	-0.008270	0.094939	-0.052162	-0.019710	-0.019710	-0.002052	-0.002052	0.038806	-0.006663	-0.010546	-0.034030	-0.059531	0.143719	-0.058792	0.005559
-0.044745	-0.018377	0.048672	-0.024084	0.032793	0.000164	0.035997	-0.009383	0.017368	-0.030238	-0.010518	0.042093	-0.054810	0.032273	0.006478	0.037552	0.000067	0.021642	0.032089	-0.026359	-0.037061	-0.042777	0.005020	0.053073	-0.043088	0.033987	0.012659	0.012080	0.015610	0.015610	-0.010304	-0.010304	0.059017	-0.010024	0.032061	-0.039869	0.040502	0.004622	-0.010413	0.037439
-0.025246	-0.025613	0.020596	-0.002076	0.054136	-0.046575	-0.002495	0.051030	0.008237	0.002003	0.017914	-0.063757	0.025603	0.015704	0.019913	0.110391	0.119144	-0.021582	0.016908	-0.068633	-0.028874	0.036238	-0.061138	-0.006099	0.002571	0.016283	0.011755	0.005640	-0.043523	-0.043523	-0.010282	-0.010282	-0.022331	-0.012159	-0.033900	-0.005944	0.029880	0.068576	-0.056120	-0.041380
0.058503	-0.034361	0.021800	-0.015053	-0.024766	-0.004258	0.020367	0.031740	0.022393	-0.002487	0.024614	-0.005403	-0.010699	0.031237	0.039041	-0.011610	0.023086	-0.006384	0.035441	0.003474	0.069969	0.034500	0.019392	-0.038962	-0.016895	0.030198	-0.038150	-0.071912	0.039405	0.039405	0.014915	0.014915	-0.026528	0.018817	-0.051726	-0.000859	0.035491	-0.092119	0.053591	-0.016712
0.000214	0.027168	0.011786	0.000617	0.039174	0.010373	-0.011479	0.029554	0.017740	-0.011213	-0.012709	0.002618	0.011846	-0.010100	-0.011003	-0.017559	-0.002826	0.002924	-0.008374	-0.007399	-0.014630	-0.004444	0.004205	-0.005130	0.028662	-0.009989	-0.030937	-0.009547	-0.005378	-0.005378	-0.006036	-0.006036	0.003629	-0.006576	-0.015270	-0.009870	-0.007787	-0.000466	-0.015426	-0.024110
0.075299	-0.047980	0.014310	-0.046068	-0.013758	-0.016642	0.021016	0.020920	0.013517	-0.034314	0.012722	0.045586	0.022180	0.054727	0.012953	0.024714	0.030122	0.056513	0.003245	-0.046577	0.047850	0.072364	0.063975	0.046626	0.034834	0.000465	-0.085990	0.000061	0.005714	0.005714	0.028422	0.028422	-0.100074	0.077969	-0.031702	0.100689	-0.016608	0.010074	0.015633	-0.041141
0.029276	0.002987	-0.028695	-0.037875	0.023644	0.008476	-0.013436	0.016317	0.012586	0.002456	0.012433	0.022851	-0.018038	0.014603	-0.005148	-0.007756	0.008290	-0.027914	-0.040695	-0.005257	-0.028925	-0.018421	-0.024503	-0.007935	0.032748	-0.026367	-0.019895	0.037651	-0.015909	-0.015909	-0.002536	-0.002536	-0.020829	0.013931	0.031969	-0.025821	0.038033	-0.041383	0.018126	-0.031239
0.001839	-0.000008	-0.035130	-0.014650	0.023580	-0.001653	-0.022825	0.010205	-0.031864	-0.019363	-0.011121	-0.002136	0.002559	0.032818	-0.047468	-0.042913	-0.019880	-0.007087	0.011622	-0.009772	-0.030491	0.022937	0.010338	0.005511	-0.026856	0.013770	-0.061152	0.024566	-0.027272	-0.027272	0.008368	0.008368	0.027712	-0.040167	-0.024927	0.001293	-0.011978	0.019995	-0.011919	-0.007376
-0.033429	0.032386	-0.007678	0.039902	0.006078	-0.008698	0.003164	0.025665	0.032058	0.000194	0.000897	-0.040857	0.040783	-0.016494	0.031191	0.003612	0.033156	-0.026525	-0.012095	-0.002960	0.030332	-0.003793	0.017800	-0.005002	-0.004779	-0.005364	-0.030164	0.001915	0.032077	0.032077	0.002911	0.002911	0.007333	0.037703	-0.009170	-0.008323	0.018804	0.012246	-0.002302	-0.011270
0.081285	-0.050260	0.028436	-0.071008	-0.052740	0.068843	-0.039589	0.004186	0.074180	-0.022035	0.017224	-0.010126	0.071498	0.019243	0.052346	0.007697	0.055861	-0.012012	-0.040127	0.021845	0.022068	-0.048425	0.011151	0.114300	0.010391	-0.064225	0.043453	-0.011844	-0.015706	-0.015706	-0.014385	-0.014385	0.028351	-0.039758	0.018232	-0.042283	0.003140	0.049995	-0.052521	0.023210
0.015420	-0.006725	-0.031206	0.003169	-0.009107	0.038154	0.029273	0.015409	-0.018001	-0.016861	-0.002308	-0.004136	0.030971	-0.005611	0.024661	-0.017078	-0.018293	0.051477	0.024971	-0.047895	-0.054242	-0.020593	-0.016883	-0.029335	0.007193	0.037650	0.000998	0.004976	-0.023285	-0.023285	0.007660	0.007660	0.022911	-0.107541	-0.019739	0.037864	-0.008491	-0.039513	0.077486	0.000309
0.056952	-0.002774	-0.006028	-0.086432	-0.059021	-0.025028	0.004091	0.009509	-0.033171	-0.018980	0.051754	-0.014935	0.037837	0.061330	0.019911	-0.009227	-0.006054	-0.037584	0.018542	-0.033665	0.058127	0.025456	-0.045573	-0.164024	-0.110553	-0.001783	0.068539	0.018116	0.016057	0.016057	-0.036604	-0.036604	0.029785	-0.011761	-0.003657	-0.060433	0.025150	-0.025045	-0.000329	0.014709
0.009650	0.021087	0.021212	0.049862	0.010488	0.050703	-0.016577	0.008260	-0.007480	0.011966	-0.002563	0.004914	0.014229	0.021552	-0.016843	0.002785	-0.002862	0.009766	-0.008322	-0.001701	0.000746	0.007947	0.003489	-0.006416	-0.006497	-0.003988	0.008244	0.005507	-0.000868	-0.000868	-0.004045	-0.004045	0.005520	-0.005212	-0.000653	0.004702	0.010915	0.002342	0.011327	-0.001612
0.001124	-0.001823	-0.030946	0.028614	-0.027966	0.000873	-0.002099	-0.004413	-0.020416	0.023669	0.002137	0.013192	-0.016400	0.002592	-0.021166	0.037416	0.030536	0.032930	0.008411	0.014810	0.017059	-0.030860	-0.006411	0.000705	0.001611	0.016068	-0.020563	-0.023631	0.010454	0.010454	0.022234	0.022234	0.011183	-0.019539	-0.015446	0.014495	-0.017465	0.011635	-0.002286	0.001487
-0.032120	-0.035202	0.020059	-0.026409	0.003261	0.028995	0.023390	-0.089556	-0.130216	0.045112	-0.002687	-0.012353	0.057799	-0.046318	0.057338	0.053330	0.091443	-0.002639	-0.055509	-0.085442	0.042372	-0.052949	0.046917	-0.055229	0.037907	-0.005430	-0.029095	-0.025117	0.003821	0.003821	0.012832	0.012832	-0.051222	0.004437	-0.072652	0.044488	0.008999	-0.005226	0.013906	-0.001624
0.016982	-0.016133	-0.006245	-0.005158	0.066073	-0.026042	-0.003525	0.028741	-0.032028	0.019220	0.022843	0.009654	0.015178	-0.016371	0.014395	0.040716	0.046471	0.021909	0.015564	-0.001503	0.052849	-0.041360	-0.042820	0.041253	-0.011820	0.016166	0.058600	0.002538	-0.032006	-0.032006	-0.046867	-0.046867	0.005585	0.001778	0.005477	0.028945	-0.001718	-0.032655	0.015772	0.002751
-0.034256	-0.019408	0.017931	0.015576	-0.000995	-0.059083	-0.009863	0.100445	0.019873	0.085065	-0.012859	-0.028047	0.034617	0.005609	0.047101	0.035131	0.055144	-0.049919	0.047436	-0.016974	-0.051810	0.028665	-0.005885	0.047141	-0.053425	0.038700	0.000334	-0.018889	0.019417	0.019417	0.024225	0.024225	-0.028338	-0.012600	-0.063096	0.046516	-0.059407	0.014201	0.019576	0.018264
0.001771	0.055312	0.043401	-0.016622	-0.030763	-0.055213	0.016293	0.000096	-0.018600	-0.017033	-0.025975	0.008567	0.021788	-0.030225	-0.088663	-0.017021	0.022177	-0.009300	-0.015262	0.049035	-0.039818	-0.046202	-0.064094	0.009990	-0.016456	0.008044	-0.034363	-0.000857	0.020774	0.020774	0.010836	0.010836	0.014105	-0.042333	-0.040001	0.056736	-0.024177	-0.039459	0.051229	-0.021170
0.037321	-0.008189	-0.033300	-0.051492	-0.013689	0.013760	-0.083295	-0.052580	-0.011060	0.037572	0.036225	0.036207	-0.032842	0.020173	0.006046	-0.009223	0.001812	-0.019362	-0.061628	-0.062918	-0.013558	-0.044163	-0.035340	0.027069	-0.025706	-0.001454	-0.066292	0.071419	0.012963	0.012963	0.004748	0.004748	-0.011568	0.028539	0.010522	-0.014331	-0.024547	0.013160	0.013280	0.009654
0.002331	-0.044848	-0.019226	-0.008190	0.025297	-0.034882	-0.020749	0.034407	-0.076647	-0.000080	0.029889	0.010049	-0.039160	-0.054618	-0.037123	0.021594	0.002829	-0.020575	0.012044	0.011098	0.035664	-0.000486	-0.073487	0.022664	0.032093	0.000473	0.039881	-0.005278	0.004156	0.004156	0.029532	0.029532	-0.038057	-0.007672	-0.043730	0.016395	0.055869	0.010120	-0.016274	0.010999
0.048690	-0.003313	0.018344	-0.035682	-0.048358	-0.012200	0.001156	0.011313	-0.010810	-0.000316	0.019568	0.015190	-0.023566	0.006332	0.046316	0.026167	0.037183	0.007511	0.016459	-0.010164	0.032696	0.043586	-0.004715	-0.043877	-0.002338	0.036227	-0.003466	-0.034337	0.006942	0.006942	-0.008463	-0.008463	0.039697	-0.044154	-0.023098	-0.040891	0.023450	-0.028512	-0.044073	-0.012131
-0.023465	-0.005302	0.011154	-0.017983	0.038890	-0.023538	0.026574	-0.047200	0.004818	-0.029889	-0.000480	0.015923	-0.074564	0.025761	-0.016716	-0.011759	-0.005709	-0.022713	-0.074175	-0.069440	-0.007601	-0.019144	-0.022216	0.037245	-0.064300	0.055306	0.026723	-0.014047	0.013441	0.013441	-0.003594	-0.003594	-0.005051	0.031738	-0.011166	0.021953	0.008814	-0.037462	0.022308	0.005165
0.011054	-0.021110	0.002553	0.031605	-0.036614	0.018768	0.001226	-0.010401	0.023094	0.009752	0.019814	0.003383	0.008623	-0.020393	-0.021794	-0.034372	-0.032527	0.000843	0.008774	-0.003563	-0.038637	0.012668	-0.010693	-0.032122	0.026778	0.019035	-0.053711	-0.046338	0.010834	0.010834	0.039867	0.039867	-0.011351	0.021048	0.014054	-0.014452	-0.026260	0.024829	0.038685	-0.004361
0.017554	-0.006146	-0.007641	0.045876	0.024695	-0.008714	-0.031092	0.004459	0.003443	-0.009858	-0.000384	0.011798	0.007517	-0.013275	-0.018315	0.009176	-0.003376	0.012477	-0.028177	-0.000855	-0.024961	-0.002879	0.036744	-0.022511	0.030709	0.018921	0.002704	-0.026610	-0.011199	-0.011199	-0.023245	-0.023245	0.002145	0.017675	-0.045482	-0.002072	-0.035114	-0.017736	-0.001456	0.002025
0.017674	0.020112	-0.005709	0.007789	0.026566	-0.044903	0.038505	-0.009219	-0.001459	0.027653	0.051237	0.009221	-0.027882	-0.015123	0.016146	-0.033933	-0.018185	-0.036033	0.031337	-0.015485	0.052554	-0.021614	0.035603	0.014482	0.010322	-0.031484	0.035113	-0.007493	-0.013368	-0.013368	0.030856	0.030856	0.025942	0.012988	-0.015981	0.008217	-0.061463	0.026082	-0.017036	-0.026504
-0.045077	-0.058131	0.030049	0.022253	-0.064337	-0.085216	-0.051905	0.024200	-0.043316	0.084976	-0.000773	-0.031464	-0.025284	0.043402	-0.011492	-0.120629	-0.107484	0.075579	-0.047472	0.012791	0.037590	0.036962	0.057827	-0.018527	0.000743	0.006064	0.002704	-0.006843	-0.014950	-0.014950	0.002212	0.002212	0.063186	0.001574	0.084710	-0.043880	0.027589	0.001227	0.016304	0.004743
0.045778	0.031310	0.025370	0.012327	-0.021614	-0.010792	-0.009427	-0.002380	-0.012762	0.001579	-0.003901	0.003596	-0.006250	-0.003483	0.016305	0.008580	0.013536	-0.002859	-0.004546	-0.005245	-0.008054	0.007725	0.010988	-0.015888	-0.002804	0.018709	-0.020270	-0.006949	-0.010737	-0.010737	0.004821	0.004821	0.009158	0.004877	0.007708	-0.002002	0.004646	-0.001704	0.001078	-0.016187
-0.044761	-0.000545	0.037773	0.002140	-0.026793	-0.010090	-0.040844	0.046777	-0.022233	0.025473	-0.005421	-0.002680	0.009571	0.006723	0.000359	0.049907	0.057930	-0.016463	0.015966	0.006111	-0.005054	0.006797	0.035313	-0.001377	-0.058365	0.036380	-0.020033	-0.009600	-0.022927	-0.022927	0.009750	0.009750	0.014745	0.007713	-0.032732	0.027676	-0.023341	-0.021972	0.008313	-0.050934
0.014318	0.039914	0.037343	0.004014	0.008817	-0.017103	0.017943	0.031526	-0.008842	-0.045738	-0.005535	-0.029865	-0.022177	-0.035629	-0.010578	-0.048446	-0.017091	-0.032689	0.007732	0.028601	-0.010537	0.002335	0.017402	-0.006639	0.037250	-0.012443	-0.035112	-0.045079	0.014542	0.014542	-0.006615	-0.006615	-0.027756	-0.019630	0.010921	0.021259	0.016535	-0.047212	0.016902	-0.007297
-0.029466	-0.025039	-0.022592	0.015309	0.013373	-0.023040	0.068028	0.017707	-0.000763	-0.048310	0.008261	0.013070	0.058794	0.036580	-0.069956	-0.045967	0.021437	-0.028183	-0.040623	-0.050103	0.011529	0.002768	0.102659	0.031212	-0.024911	0.015897	0.056213	0.009131	0.000609	0.000609	0.015170	0.015170	-0.077557	-0.023402	0.075673	-0.049881	0.046186	-0.059616	0.079496	0.009367
-0.008963	0.021091	-0.034975	0.023208	0.003978	-0.002927	0.037302	0.018032	0.016501	0.045215	-0.006344	0.018220	-0.010937	0.000403	0.006792	0.009287	0.021574	-0.011044	-0.025305	-0.015753	0.019443	-0.013431	0.012705	0.015698	0.000121	-0.001020	0.015109	-0.017258	0.010377	0.010377	-0.018720	-0.018720	0.031825	0.007165	-0.024853	0.011114	-0.023231	0.002116	-0.010413	0.008129
-0.013694	0.031169	0.007907	0.030407	0.003053	0.033250	-0.000122	0.017773	-0.017052	-0.005524	-0.011970	-0.003282	0.006196	0.026379	-0.021323	0.001307	0.015279	-0.006930	-0.018917	0.012422	0.019067	-0.011575	0.016482	0.003103	-0.010280	0.000700	-0.027612	-0.017515	0.017571	0.017571	0.024228	0.024228	0.004481	-0.000557	0.006850	0.001666	0.014760	0.020488	0.010424	0.010992
0.044462	0.036955	0.025750	0.025071	-0.003689	0.001178	-0.005864	0.006117	-0.018477	0.000233	-0.019431	0.004933	0.017461	0.010832	0.006458	0.000071	-0.004066	0.019581	-0.016843	-0.006625	-0.018603	0.014160	0.009136	-0.021170	0.003778	0.004432	-0.015420	-0.028489	-0.004889	-0.004889	0.029738	0.029738	0.006289	0.001237	-0.002111	0.007451	0.010686	0.023812	0.012196	-0.002378
0.046587	-0.005486	0.036069	0.011267	-0.021636	0.033281	0.020912	-0.013403	-0.006490	-0.023513	0.000683	-0.019816	-0.019789	-0.014875	0.025884	-0.024396	0.013522	-0.003534	0.003167	-0.005565	0.000339	0.042721	0.025939	0.013162	0.023750	-0.032830	0.035217	0.028117	0.004281	0.004281	0.005202	0.005202	0.003796	-0.012865	0.010535	-0.008105	0.005453	0.010496	-0.020464	0.009806
-0.007064	0.026355	-0.027496	0.020211	0.005579	-0.008132	0.014135	-0.021393	0.011759	0.049725	-0.012652	-0.004168	-0.008326	-0.015815	0.032629	0.018588	0.030669	-0.009658	0.010839	0.003290	0.015945	0.003408	0.026395	-0.005538	-0.002372	0.022315	0.003467	-0.006260	0.004320	0.004320	0.010937	0.010937	-0.014919	-0.003502	-0.001499	0.016079	-0.001794	0.027442	-0.023640	-0.017616
0.033765	0.033026	0.017304	-0.012539	-0.034758	-0.064684	0.037853	-0.028154	-0.007718	-0.009633	0.004238	0.001079	0.012874	-0.007468	-0.011951	0.009388	0.001814	0.011123	0.011725	0.038327	-0.033109	0.001307	0.006753	-0.010695	0.005142	-0.017085	-0.016264	0.024345	-0.015505	-0.015505	-0.010108	-0.010108	0.024740	-0.016466	-0.007388	-0.019771	-0.043839	0.012759	0.029485	-0.050562
0.002824	-0.035277	-0.015996	-0.010732	0.013949	-0.016394	-0.021051	0.004956	-0.045842	0.032534	-0.044105	0.019154	-0.022426	0.000787	0.007666	0.020864	0.028937	-0.001853	-0.022941	0.019563	-0.037768	-0.021803	-0.027160	-0.013245	0.011241	-0.017894	-0.006556	-0.008610	0.021550	0.021550	0.021856	0.021856	-0.032571	0.017526	-0.000950	-0.019174	0.005635	0.024905	0.010250	-0.011311
-0.017112	-0.039526	0.020533	-0.010044	-0.007034	0.011755	0.006151	0.027646	-0.042470	0.030630	-0.035750	0.021837	-0.023795	0.012268	-0.017507	-0.001155	0.012862	0.023360	0.067227	0.028891	-0.008563	-0.005561	0.001436	0.022481	0.022533	-0.018737	-0.020229	0.102438	-0.000844	-0.000844	-0.014310	-0.014310	-0.012608	0.014411	-0.033484	-0.018366	-0.014951	0.016574	-0.063070	0.013771
0.010338	0.018382	-0.059879	0.011047	-0.022567	-0.018609	0.027072	0.026198	-0.002065	0.021945	-0.025754	0.010023	0.031209	-0.019605	0.022334	0.006985	-0.037901	-0.018939	0.057676	-0.018492	0.007206	-0.001817	-0.030043	0.018633	0.020623	-0.019479	0.006216	0.031786	0.039968	0.039968	-0.044812	-0.044812	-0.026134	0.122519	0.107290	-0.085236	0.090432	-0.038273	0.001348	0.003771
-0.006499	-0.060546	0.003465	-0.003122	0.014039	-0.032631	0.062089	-0.013553	-0.003100	0.008103	-0.069791	0.019358	-0.001813	0.022537	-0.037616	-0.020813	-0.012017	-0.007996	-0.064361	-0.008175	0.032320	0.072639	-0.031386	-0.054696	-0.035681	0.017068	-0.046706	-0.016521	0.010953	0.010953	-0.002499	-0.002499	0.003680	0.001693	0.006010	0.002722	-0.039628	0.041951	-0.014642	0.104667
0.016513	0.000344	-0.071599	0.013192	-0.013531	-0.006169	0.001164	0.023082	-0.017646	-0.001324	0.026423	0.019333	0.014486	-0.017253	-0.006857	-0.005248	-0.052777	0.020388	0.036649	-0.048987	-0.013653	0.037976	0.000874	-0.011696	0.036869	-0.045426	-0.061014	-0.011418	0.007504	0.007504	-0.002095	-0.002095	0.023696	0.035458	0.019146	0.010221	0.014569	0.020875	-0.014431	-0.006854
0.013210	0.005301	-0.017022	-0.026094	0.000360	0.009240	-0.024948	-0.010940	-0.000929	0.034294	0.006933	0.011160	-0.005177	-0.016873	-0.019767	0.009133	-0.001062	0.033529	-0.007025	0.011937	-0.038485	-0.003037	0.001788	-0.023958	-0.023993	-0.015257	0.013030	0.022712	-0.004291	-0.004291	0.028873	0.028873	-0.007325	-0.006837	-0.018012	-0.006765	0.018023	-0.026608	0.009742	-0.017964
-0.026807	0.018615	-0.005391	-0.028303	0.035148	0.019686	-0.018445	0.019216	-0.019725	-0.010728	0.018209	0.003034	0.018157	-0.005990	0.023740	-0.033169	-0.038845	0.036072	-0.030584	0.055823	-0.048295	0.074919	0.054735	-0.035123	-0.034653	0.026254	0.016929	0.026351	-0.023483	-0.023483	-0.012536	-0.012536	-0.069185	0.009751	0.021292	0.024902	-0.066096	-0.005235	0.022210	-0.008354
0.029001	0.029661	0.039944	0.040124	-0.006324	-0.016858	0.020140	-0.017672	0.004430	-0.017861	-0.013560	-0.012901	-0.021206	0.001327	0.000012	-0.027451	-0.009155	0.004077	-0.000880	-0.011257	-0.016528	0.019365	0.018442	0.038731	0.011465	-0.035751	0.015177	0.038165	0.010306	0.010306	0.004746	0.004746	-0.012562	0.004560	0.002553	0.018798	0.002728	0.002177	0.012047	0.003452
-0.011647	-0.008368	-0.025333	0.031454	0.002320	-0.019205	-0.055850	-0.037402	0.005888	-0.038339	0.007134	-0.026980	0.048958	0.052908	-0.003078	-0.029558	-0.017535	-0.025511	-0.005354	0.026962	-0.026535	0.044090	-0.011310	0.008812	0.004298	0.017446	0.015312	0.017362	-0.009213	-0.009213	0.022232	0.022232	0.039613	-0.107158	0.000320	-0.028850	0.022469	0.001014	-0.006175	0.020213
-0.014994	0.029703	0.015628	-0.015709	0.022637	0.016713	-0.077930	0.057024	0.017446	0.009389	-0.008518	-0.025286	0.009998	-0.023359	0.020961	-0.018370	-0.017568	0.017104	0.037250	0.024859	0.020485	-0.005837	0.049865	-0.036066	-0.003576	0.002732	-0.024763	-0.023343	-0.011752	-0.011752	-0.006103	-0.006103	-0.020279	-0.033649	0.035785	-0.027640	0.004575	0.034577	0.001902	-0.033961
-0.000661	-0.002282	-0.033814	-0.022505	0.017486	0.020264	-0.029555	0.008147	0.002769	-0.003317	-0.029004	-0.054875	0.023455	0.016826	0.004834	-0.012054	0.001557	0.014171	0.036826	0.021762	-0.041006	0.016483	0.027635	0.029461	0.026292	-0.011337	-0.027663	0.011561	0.018025	0.018025	0.025058	0.025058	0.030714	-0.036631	-0.004357	-0.031584	0.001667	-0.006302	0.005368	-0.001047
-0.026409	0.015643	0.000036	0.003446	-0.030588	0.033070	0.015984	-0.011714	-0.012341	0.022610	0.004304	0.003698	0.002691	0.022944	-0.033707	0.004571	0.004643	-0.006713	0.022709	0.016346	0.001023	0.014214	0.016328	-0.003028	0.020672	-0.009757	-0.024244	-0.015715	-0.001607	-0.001607	0.024892	0.024892	0.001251	0.011125	-0.002604	-0.005908	0.003779	0.004868	-0.013603	-0.016506
0.044648	0.027197	0.027464	-0.000856	-0.025324	-0.008645	0.000627	-0.006617	-0.009187	0.005130	-0.007423	0.012595	0.019208	-0.008969	0.017339	0.015835	0.009228	0.009134	-0.016618	-0.012150	-0.015159	0.039633	0.025381	0.036147	-0.007366	0.002742	0.004806	0.028458	-0.013095	-0.013095	-0.020039	-0.020039	-0.020590	-0.015267	0.008681	-0.004454	0.018952	0.009157	0.007787	-0.005397
0.005097	-0.009409	0.008521	-0.008773	0.031464	0.012267	-0.013143	-0.027435	0.022708	0.016886	-0.000016	0.023793	-0.040329	0.029074	-0.029751	-0.009864	0.006475	-0.016248	-0.019193	0.003209	-0.002033	0.008002	-0.009928	-0.040189	-0.009249	-0.002204	-0.004567	-0.013703	-0.000079	-0.000079	-0.004870	-0.004870	-0.027571	0.018236	0.010710	-0.007781	-0.000314	0.007752	0.018886	-0.008554
-0.002044	0.033894	-0.017481	0.022977	-0.027331	0.016943	-0.005826	0.022460	-0.001678	-0.004390	-0.014616	0.016669	-0.013274	-0.054885	0.035652	0.002768	-0.001174	0.017196	-0.027768	-0.023603	0.010959	0.017718	-0.062733	-0.003123	-0.000026	0.037379	0.046991	0.012791	0.006487	0.006487	-0.014199	-0.014199	0.000120	-0.018481	0.020502	-0.053157	-0.001332	-0.000436	0.029998	-0.004862
-0.028010	0.008499	-0.000935	0.024991	0.005524	0.018734	0.026970	0.019739	-0.000411	-0.008313	0.023279	-0.026778	0.036528	0.024538	0.031548	-0.032606	0.000402	-0.008306	-0.022797	-0.011092	0.005271	-0.011438	-0.015055	0.012342	-0.028769	0.050563	-0.020232	-0.001936	0.012730	0.012730	0.029009	0.029009	0.000015	-0.016293	-0.015390	-0.002256	-0.014961	0.001866	0.012266	0.001626
-0.032154	0.005285	0.018150	-0.009813	0.021307	0.013378	-0.009670	0.003831	-0.022558	-0.013101	0.058048	0.011523	0.032641	0.040204	-0.033090	0.003717	0.001940	-0.001881	0.014702	0.042294	-0.009083	0.023147	0.006560	-0.004984	-0.036459	0.031523	-0.012599	-0.029906	-0.003383	-0.003383	0.002225	0.002225	-0.018483	-0.013249	0.008967	0.011649	-0.039291	-0.012557	0.029465	-0.019408
0.014399	0.047308	0.046090	0.003312	-0.007211	-0.007193	-0.006010	-0.000202	0.001884	0.018845	-0.034870	0.010734	0.034473	-0.047200	-0.032474	-0.012449	-0.001403	-0.007038	-0.010672	0.023789	-0.028371	-0.005299	-0.013758	0.009070	0.004425	0.008203	-0.018340	0.002840	-0.010446	-0.010446	-0.017238	-0.017238	-0.031750	0.001594	-0.009618	0.013874	0.030705	-0.015475	-0.001272	-0.002943
0.013532	0.000149	-0.050724	0.020066	-0.002886	-0.009059	-0.018235	-0.023964	-0.016029	0.001114	0.023998	0.041647	-0.025629	-0.060910	0.003901	0.022056	-0.011961	0.010505	0.021142	0.010634	0.005662	0.008148	0.004505	-0.030757	-0.020053	-0.042713	-0.016700	-0.009596	-0.005411	-0.005411	0.014288	0.014288	-0.029433	0.021852	0.013470	0.034480	0.001511	0.026691	-0.021451	-0.003873
0.017389	0.031571	0.013366	-0.014629	0.009210	0.009431	0.010257	-0.015925	0.022504	0.049124	0.042534	-0.034467	-0.004194	-0.021402	0.036969	-0.044315	-0.063051	-0.011284	-0.008578	0.003096	0.008468	-0.026862	-0.004770	-0.025699	0.009125	0.023342	-0.013867	-0.055391	0.018458	0.018458	0.026193	0.026193	-0.028903	-0.032526	0.013120	0.015160	0.001130	-0.055131	0.033406	-0.016903
0.008782	0.021037	-0.027997	0.039412	-0.018738	0.009971	0.005135	0.051996	0.012427	0.011138	0.026417	-0.001549	0.004052	-0.021256	0.022933	-0.020890	-0.025538	0.029357	0.000378	-0.031299	0.019600	-0.021403	-0.014642	-0.003914	-0.011053	0.020621	0.012431	-0.001659	-0.006757	-0.006757	-0.016783	-0.016783	0.012148	-0.017415	-0.002491	0.006330	-0.013889	0.019538	-0.030007	0.048872
-0.012404	0.016923	-0.029825	0.001595	0.009521	0.004516	0.018986	-0.025428	0.014956	0.026503	-0.025325	-0.010260	0.023840	0.006864	0.002109	0.034306	0.045285	0.024973	0.010977	0.032416	-0.008385	0.011295	0.020355	-0.010289	-0.024238	0.007056	-0.002975	-0.002247	0.007699	0.007699	0.010145	0.010145	-0.002426	-0.007439	0.003941	0.008012	0.006705	-0.017119	-0.010405	-0.011235
0.007293	0.003086	-0.035798	-0.000955	0.035201	-0.025815	0.031253	0.007088	-0.004289	-0.014565	0.002286	0.006202	-0.046329	0.011858	0.008727	-0.000441	-0.037328	0.016181	-0.023741	0.002064	-0.021705	-0.003649	0.021150	0.018998	-0.025490	0.049166	0.018981	0.019698	-0.005099	-0.005099	-0.003082	-0.003082	-0.007220	-0.023753	-0.034453	0.016270	-0.026177	0.006939	0.023333	-0.013401
-0.010219	0.007098	-0.055552	0.019041	-0.018581	-0.047180	-0.077681	-0.032391	0.018799	-0.046710	-0.010858	-0.019919	0.006046	-0.017779	0.037760	-0.016886	0.019929	-0.017589	0.056188	-0.017034	0.031245	0.027965	0.022786	-0.011553	-0.032553	0.021022	0.011183	0.065137	-0.024493	-0.024493	-0.038211	-0.038211	0.026969	0.006422	-0.073313	0.111621	-0.087176	-0.047731	0.047094	-0.011505
