0.026538	0.010473	0.050469	-0.003613	0.060025	0.014650	0.037128	0.015081	-0.029884	0.023524	-0.014322	0.034880	0.067040	-0.003431
-0.084133	0.022636	0.002691	-0.066510	-0.030071	-0.031895	0.001774	0.040717	0.023909	0.030017	-0.009795	-0.029578	-0.045562	0.003177
0.009689	0.001518	0.043556	0.028807	0.034267	-0.014712	-0.009833	0.051009	0.049618	0.011937	-0.007096	0.003689	0.029121	-0.033098
0.036217	-0.060907	0.051494	-0.017860	0.001361	0.016598	-0.066108	0.042767	-0.015775	0.005435	-0.063766	-0.027688	0.051501	-0.002861
0.009375	0.027837	0.017039	0.020659	0.080539	-0.034343	0.012182	-0.025424	-0.034891	0.042196	-0.011951	0.037944	-0.040289	0.009531
0.039989	-0.027602	-0.078027	-0.020068	-0.038626	-0.032408	-0.014779	-0.011803	0.006257	0.134867	-0.044750	-0.027353	0.013032	-0.003528
0.007875	-0.023519	0.032324	0.038656	0.042229	-0.056801	-0.066021	-0.040520	0.023539	0.027536	-0.032281	0.037480	-0.019308	-0.021500
0.068241	0.023432	-0.053817	-0.056399	-0.051461	-0.007879	-0.041579	0.026763	0.012577	-0.013411	-0.112382	0.038707	-0.049860	0.041718
-0.093601	-0.020219	-0.032238	-0.024654	0.060179	0.083378	-0.015722	-0.053513	-0.018024	0.091815	-0.091526	-0.091622	0.023717	-0.001900
0.009449	-0.044522	-0.076945	0.088975	0.060234	-0.106738	-0.025972	0.012771	0.078794	0.053734	-0.007674	0.040216	0.026878	-0.006316
-0.073490	0.049762	-0.013465	-0.034110	0.067582	-0.005004	-0.048501	-0.009450	0.050281	-0.002344	-0.002132	-0.037965	0.028129	-0.000946
-0.057747	0.040574	-0.035113	-0.120306	0.133239	0.038662	-0.084526	-0.001637	-0.004693	0.032692	-0.012331	-0.159166	-0.000320	-0.087249
-0.078386	0.014989	-0.022864	-0.075014	0.031576	0.000797	-0.049462	0.016968	0.050794	-0.002492	0.045354	0.072807	0.037686	-0.027092
-0.007218	0.034984	0.050269	0.030734	0.050220	-0.024997	0.047849	0.019695	-0.046509	0.000383	-0.005110	0.045304	0.014070	0.038292
-0.027391	-0.085743	0.049580	0.014846	-0.061871	-0.037977	-0.068069	0.070948	-0.065582	0.020818	0.039003	-0.014037	-0.061420	-0.011153
0.016187	-0.074423	0.048312	-0.019399	-0.012878	-0.026586	-0.029274	-0.070677	0.015254	0.082452	0.056646	0.003969	0.037941	0.002096
0.033445	0.011166	0.042294	-0.022717	-0.000731	-0.011183	-0.015512	-0.031507	0.027304	0.045496	-0.035696	0.033014	0.023071	0.029051
0.054352	-0.034360	-0.086917	0.036071	0.084439	-0.041602	-0.025405	0.041098	0.027291	-0.011878	-0.037676	0.011734	0.059688	-0.019145
-0.069284	0.094146	0.005600	0.089082	-0.046960	0.012956	-0.088830	-0.030621	0.017944	0.006918	0.010050	-0.014953	0.058394	-0.026357
0.031695	0.014161	-0.045006	0.013589	0.035035	0.008135	0.005605	0.037143	-0.005055	0.036057	0.009289	0.020100	0.050613	-0.015500
-0.005354	0.034300	0.027508	0.015737	-0.016777	0.013716	-0.036437	0.040678	-0.009464	0.027289	-0.030836	0.008839	0.059366	-0.014284
0.009248	0.034263	0.057229	-0.013302	0.023205	-0.043604	0.018627	0.054192	-0.043765	0.021018	-0.049567	0.059999	-0.008218	0.004586
0.040835	0.022179	-0.061539	-0.044820	-0.056769	-0.024881	-0.043411	0.016388	0.006335	0.050259	-0.043489	0.029224	-0.045940	-0.014007
0.035359	-0.024139	0.038605	-0.021258	-0.024455	0.011219	-0.037326	0.087087	0.016283	0.057502	-0.064199	-0.009575	0.022705	0.024833
-0.015845	0.050111	0.034471	0.010567	-0.052530	-0.020599	-0.064940	-0.031864	-0.047869	0.065102	0.037728	0.092035	-0.037054	0.011819
0.003731	-0.106697	0.050460	-0.002324	-0.033339	0.012177	-0.108355	0.050381	-0.038228	-0.006895	0.014213	-0.082142	0.053492	0.003887
0.016972	0.060293	-0.001723	0.016611	-0.017610	0.095205	-0.035994	0.081424	0.004131	0.044213	-0.016303	0.040711	-0.023021	0.010858
0.004700	-0.104630	-0.065937	0.041808	0.031146	-0.059119	0.032187	-0.017185	-0.098021	0.146815	-0.004506	-0.002565	0.007379	0.030821
0.040225	0.016337	0.043637	-0.030766	0.025793	0.030267	0.003533	-0.031134	0.002695	0.043601	-0.047901	0.038573	-0.032721	0.005963
0.042912	-0.020177	0.038637	-0.047705	-0.013114	-0.019931	-0.061070	-0.039278	0.021921	0.042123	-0.045390	0.024052	-0.002443	-0.006157
0.026959	-0.001585	0.045695	-0.000343	0.054482	0.063891	0.025216	0.042535	-0.012569	0.011756	-0.022234	-0.021324	0.083871	0.009079
0.016200	0.032063	-0.029644	0.016015	-0.024836	0.007990	0.019031	0.035808	-0.015448	0.041234	0.015065	0.028256	-0.016013	-0.006236
0.018099	-0.012338	0.053332	0.024832	0.079496	0.029714	-0.038658	0.070092	0.071980	-0.024220	-0.022617	-0.050429	-0.056940	0.001868
0.005995	0.017965	0.050050	0.031680	0.035033	0.001846	0.020031	0.017344	-0.006549	-0.039698	-0.026835	0.009645	0.023170	-0.024013
0.037185	-0.004978	0.039408	-0.018123	0.026625	0.004445	0.013675	-0.057152	-0.008006	0.020637	-0.002102	0.020079	-0.003080	0.006605
0.026977	0.034536	0.047616	-0.026025	-0.016388	0.073116	0.003958	0.024033	0.023660	-0.008361	0.001621	-0.009853	-0.041270	-0.067154
0.044462	0.004359	0.033883	-0.047963	-0.030262	-0.033474	0.007421	-0.095499	0.011904	-0.032697	-0.052427	0.054611	-0.019636	0.022960
0.053254	-0.010402	-0.054025	-0.009058	-0.008100	0.016995	0.019330	0.010149	0.041639	0.061863	-0.020168	-0.009228	-0.036106	0.017161
0.047317	0.012142	-0.068926	-0.064584	-0.065653	-0.009948	-0.024292	-0.043612	-0.051565	-0.018546	-0.060247	-0.049918	0.000772	-0.034429
0.020162	0.003555	-0.075939	-0.003120	0.000646	-0.099608	0.025710	-0.019158	-0.032559	-0.007893	-0.011699	-0.010156	0.036595	-0.017392
-0.082684	0.071235	0.008036	-0.005656	0.009106	-0.038736	0.027564	-0.014675	0.006626	-0.006659	0.018657	-0.103358	-0.039675	0.023060
0.045708	0.027013	-0.037191	-0.031095	-0.051350	0.026528	0.025978	-0.002620	-0.012498	0.011641	-0.025644	0.016964	-0.055318	-0.034675
0.012964	-0.019358	-0.063553	0.064858	0.089148	-0.016472	0.003202	0.059203	0.005625	0.005719	0.035823	-0.016387	-0.017011	0.017312
0.050262	0.021878	-0.026171	-0.000979	-0.022647	0.085494	-0.004644	0.076868	0.064434	-0.013672	-0.017281	-0.001969	-0.055689	-0.015858
0.017614	0.040293	0.056215	-0.041262	-0.085407	0.030825	0.003232	-0.030264	0.022373	0.023719	0.021283	0.028632	-0.107652	-0.008847
0.017969	0.025539	-0.035937	0.034167	0.016975	0.044989	-0.022408	0.027533	-0.042896	0.004876	0.021683	0.053193	-0.032512	0.006713
0.000746	0.043494	-0.035041	0.014985	-0.013635	-0.031847	-0.026303	-0.020328	-0.093596	0.034740	0.035433	0.067671	-0.033770	-0.023550
0.051768	-0.019651	-0.093256	-0.016502	-0.009321	-0.076719	-0.090733	0.010447	-0.004801	-0.152102	-0.119059	0.012612	0.004299	0.085178
0.024979	-0.055496	0.039327	-0.001025	0.031363	-0.046510	-0.030409	-0.048308	-0.024300	-0.046130	-0.038557	-0.026870	-0.024670	0.015064
0.039603	0.008201	-0.048412	-0.012796	-0.027021	0.045502	0.037271	0.002410	-0.008047	-0.028548	0.035718	-0.035478	-0.052219	0.003229
0.020372	-0.031960	0.022493	0.013976	0.012843	-0.036930	-0.005339	-0.055915	0.065467	-0.007774	0.013298	-0.008464	0.023637	0.007030
0.001899	0.012175	0.050527	0.008938	0.017537	0.024658	0.053884	0.047104	-0.052974	0.050087	0.038831	-0.029521	0.010237	-0.015025
-0.076580	0.071662	0.006125	0.043078	0.004342	-0.001002	0.004944	-0.003845	0.029503	-0.005639	-0.022128	-0.003838	0.039264	-0.035592
-0.106808	-0.146042	-0.023618	0.150565	-0.119579	0.091474	0.036007	0.013240	0.041006	0.015063	-0.190224	0.037296	-0.084590	0.442079
0.038264	0.037015	-0.035560	-0.032277	-0.057270	0.024902	-0.059351	0.035137	0.014247	0.044316	-0.025301	0.062454	-0.056602	0.021402
0.015250	-0.025315	0.057298	-0.009612	0.028261	-0.024868	-0.038724	0.055699	0.025528	0.052970	-0.011752	-0.013478	-0.084045	-0.005329
0.022368	0.017075	0.041260	0.016863	0.074415	-0.015831	0.008280	-0.010501	-0.019915	0.022463	-0.056894	0.058654	0.028294	0.036312
0.061810	0.012124	-0.060263	-0.038236	-0.006106	0.007327	-0.020334	0.051954	-0.003979	0.040334	-0.079775	0.014326	-0.042029	-0.011135
0.022831	-0.089203	-0.090977	-0.046398	-0.012493	-0.139129	-0.023288	-0.035841	-0.086328	0.043502	0.080747	-0.071899	0.064337	0.011362
0.034310	-0.013001	0.038021	-0.059969	-0.052359	-0.056267	0.036337	-0.050720	-0.001841	-0.046364	-0.019055	-0.023010	-0.007334	-0.037268
0.031328	0.021789	0.045590	-0.023646	-0.001479	-0.013679	0.034638	0.038608	-0.001629	-0.069819	-0.013104	-0.002863	0.028035	0.010198
0.044405	0.005527	-0.058500	-0.000814	0.025745	0.026790	0.025945	0.029694	-0.036597	0.029074	-0.012300	0.014325	-0.013574	0.012909
0.019707	0.016648	0.049078	-0.011801	-0.007764	-0.034994	0.006422	0.040911	-0.015003	-0.084201	-0.040664	-0.002834	0.027214	-0.013465
0.009150	-0.003694	-0.030850	-0.085301	-0.174978	0.013397	0.063447	-0.052145	-0.080409	-0.041909	0.059707	-0.098928	0.043189	-0.059602
0.011641	0.009556	-0.044133	0.049689	0.032573	0.049360	0.014193	-0.000423	-0.049014	-0.056365	0.075289	0.028410	-0.007698	0.036671
-0.003682	0.004944	0.039771	0.039686	0.024237	0.020518	-0.032265	0.058203	0.018579	0.006961	0.040021	-0.031846	-0.054880	-0.013518
0.022789	-0.072363	0.046400	-0.043459	-0.026752	-0.026635	-0.063640	0.001332	-0.037590	0.012859	0.009115	-0.011024	0.078847	-0.016912
0.038582	-0.029234	0.023962	-0.016866	0.008166	-0.028500	0.016929	-0.112539	-0.004580	0.020671	-0.010532	0.039195	0.017388	0.026989
-0.071448	0.049554	-0.013570	-0.066469	0.122537	0.010138	0.009514	-0.042593	-0.046599	0.040678	-0.062567	-0.174244	-0.066076	0.054610
0.018803	0.031233	-0.049394	0.005512	-0.040141	0.008717	-0.031372	-0.040680	-0.013622	0.037582	-0.007231	0.001898	-0.015488	-0.004621
-0.017565	0.005963	0.016212	0.051189	0.011419	0.023151	-0.080376	0.000058	-0.013988	0.032850	0.057643	0.017171	0.045088	-0.003211
-0.106457	-0.059021	-0.044078	-0.004100	0.009443	0.032010	0.020342	-0.001193	0.055928	-0.001630	-0.073304	0.075976	0.070130	0.076102
0.010188	-0.009597	0.043029	-0.002054	-0.004113	0.038088	0.052027	0.057169	-0.035014	-0.053734	-0.001141	-0.021753	0.109272	0.011676
-0.073857	0.033037	-0.016500	-0.046525	0.019353	0.016674	-0.082655	-0.015009	0.004565	0.030377	0.078238	0.048643	0.000225	0.006476
0.023704	0.003364	0.040513	-0.002606	0.014601	-0.055414	0.030764	-0.036158	0.029247	-0.005543	-0.022014	0.039284	0.010879	0.048235
0.012963	0.002083	-0.042713	0.050144	0.027204	-0.039398	0.034836	0.034201	0.004827	0.042560	0.000035	0.022680	0.031578	-0.009116
0.025058	-0.020505	0.048214	-0.010710	0.000946	-0.010358	-0.005144	-0.065083	0.056057	0.024168	0.000931	0.005400	-0.004330	-0.007714
0.015827	-0.005312	0.024337	0.019948	0.029605	0.001144	0.028865	-0.046234	0.097218	-0.003706	0.041964	0.003126	-0.023071	0.022764
0.072545	0.019838	-0.083667	-0.100863	-0.056157	-0.009065	-0.000937	0.013824	-0.083209	-0.028634	-0.099884	-0.041156	-0.050939	-0.065343
-0.073886	-0.073437	-0.006456	0.038546	-0.080167	0.017062	-0.059719	0.036437	0.088685	-0.014335	0.032446	-0.065485	-0.019195	0.063127
0.062906	-0.006752	-0.078272	-0.078319	-0.040989	0.011911	0.007579	0.026865	-0.048399	0.025154	-0.042090	-0.047556	0.026572	0.058721
0.048470	-0.034903	-0.076137	-0.028604	0.004086	-0.052198	0.013932	-0.021396	-0.037181	0.073112	-0.031001	-0.017886	-0.020808	0.019302
0.032636	0.001245	0.046563	0.009385	0.024904	0.063955	-0.009829	0.005008	0.059495	0.028979	0.003458	0.017004	0.031113	0.002583
-0.003768	-0.022161	0.056291	0.017142	-0.006427	-0.080774	-0.034598	0.087474	0.058929	-0.031783	0.001189	-0.026045	-0.094359	0.029706
0.023658	0.010709	-0.050481	0.018844	0.001536	-0.014212	0.007895	0.026848	-0.007163	0.026551	-0.011262	0.037116	0.004014	-0.007015
0.017620	-0.066445	0.027340	-0.013639	-0.018095	-0.001894	0.025357	-0.039491	-0.031713	0.027656	0.048410	-0.002520	0.057567	0.005066
0.061133	-0.002029	-0.095278	-0.048408	-0.018322	-0.039619	-0.025115	0.010377	-0.014593	-0.027129	-0.061203	-0.018590	0.010449	-0.005803
0.034783	0.003090	0.050866	-0.062061	-0.060142	0.056503	-0.016465	-0.031002	0.076586	0.003694	0.016260	-0.015774	-0.050901	-0.035750
-0.078973	0.047282	-0.005730	-0.103521	0.032640	-0.090365	0.024650	0.047510	0.037788	0.002869	0.009931	0.025319	-0.004319	0.007572
-0.107494	-0.083678	-0.045730	0.000138	-0.026356	0.071667	-0.014616	-0.021690	0.000754	-0.006950	0.006747	0.104393	0.046082	-0.019799
-0.059071	0.031399	0.011634	0.002637	0.070420	0.062921	0.040015	0.006749	-0.070830	0.048891	-0.137846	-0.129376	-0.053634	0.041613
-0.063301	-0.038304	-0.038593	-0.138938	0.059461	0.035325	-0.004538	0.008583	0.055847	-0.102732	0.065838	0.117998	0.016157	-0.005735
-0.088940	-0.038761	-0.052213	-0.111014	0.091513	0.030858	-0.027490	-0.001542	0.088422	-0.067263	-0.012282	0.108683	0.011249	0.036063
0.044229	-0.021031	0.026984	-0.013545	0.010761	-0.007989	-0.004346	-0.092774	0.039507	-0.005877	-0.027711	0.027325	-0.025176	0.011899
0.012826	-0.022113	0.052961	0.014966	0.045183	-0.014155	-0.036615	0.071380	0.029214	-0.023040	-0.022617	-0.015175	-0.033644	-0.024852
0.051867	-0.046094	-0.085859	0.024608	0.010035	-0.078579	-0.005147	-0.083871	0.072287	0.083547	-0.031211	-0.030411	-0.004197	0.035733
0.024804	-0.018683	0.039761	-0.007343	0.016496	-0.020236	-0.005458	0.047311	0.067010	0.029352	0.023784	0.001028	0.065437	-0.000085
-0.078062	0.019175	0.004537	-0.045043	-0.004382	-0.073556	0.019002	0.075799	0.063543	0.047535	0.015159	0.078060	0.011808	0.041110
0.018162	-0.011227	0.067272	-0.035432	0.013848	-0.048723	-0.026180	0.026304	-0.027152	-0.026267	-0.018741	-0.018060	-0.070565	0.005398
0.049551	-0.039667	0.032174	-0.046943	-0.027485	0.034364	-0.043068	0.000793	0.044700	0.041542	0.018214	-0.056783	0.069274	-0.017459
0.034933	0.004807	-0.049148	0.026357	0.024301	0.015534	-0.027111	0.025447	0.042635	0.096413	0.009721	0.003089	-0.010479	0.006235
-0.026268	-0.141342	0.032305	0.041128	-0.030786	-0.028562	-0.121352	0.030337	-0.080156	-0.049003	0.006209	-0.076701	-0.054951	-0.063738
-0.086790	0.022125	0.012692	-0.043895	-0.041360	-0.066044	0.060945	0.051276	0.024379	0.084170	-0.010887	-0.035059	-0.007481	-0.038228
-0.075066	-0.069443	-0.021013	-0.120836	0.020156	0.090262	-0.056399	0.083041	0.006234	0.024868	0.032941	0.061537	-0.013169	-0.022315
0.032515	-0.046887	0.027058	-0.028756	0.001655	-0.059548	-0.052407	-0.061823	0.005853	0.059352	-0.017548	-0.009927	0.096504	-0.001511
0.029209	0.000435	0.029381	-0.000852	0.043220	-0.026339	0.019957	0.002703	0.037957	0.036968	-0.004780	0.013759	0.068032	-0.009858
0.043367	-0.013727	-0.090077	0.005076	-0.000559	-0.073066	-0.033550	0.006403	0.050423	0.039050	-0.054517	-0.012088	0.070351	0.018526
0.015618	-0.002789	0.032446	-0.023637	-0.034025	-0.082867	-0.021068	-0.044172	0.031410	0.040535	-0.023300	0.033485	0.032914	-0.044239
-0.082327	0.031744	-0.018610	-0.047065	0.077595	-0.030492	-0.001578	-0.010287	-0.048122	0.075386	-0.037968	-0.113431	-0.000673	-0.065678
-0.072955	-0.025748	-0.047101	-0.104941	0.032161	0.031997	-0.073863	-0.003061	-0.019511	-0.004698	0.050711	0.102685	0.075152	0.031877
0.046419	0.006993	-0.053472	0.012128	0.004654	0.010073	-0.030219	0.055898	0.032618	0.033161	-0.028286	0.017865	0.017092	0.006384
0.026617	0.030301	0.010154	-0.029184	-0.005903	-0.031156	-0.059647	-0.022465	0.039935	-0.002169	-0.009918	0.036233	-0.000438	-0.013386
0.022866	-0.026438	0.053889	-0.031860	-0.030896	-0.006187	-0.067408	0.070419	-0.070067	0.018462	-0.036576	-0.006930	0.049227	0.018861
0.012453	0.024272	-0.053328	-0.002846	-0.024838	-0.033463	-0.036286	-0.035222	-0.045206	0.047668	0.002173	-0.011102	0.010245	-0.007614
0.037747	-0.037500	0.030873	-0.040159	-0.003665	-0.014588	-0.034601	-0.076524	-0.022251	0.060790	0.024352	-0.003330	0.062557	-0.000096
0.039071	-0.009655	-0.068054	0.023093	0.008509	-0.037249	-0.034786	0.035784	0.019726	-0.028357	-0.077465	0.002651	0.027838	-0.020970
0.028126	-0.011133	0.040688	-0.048870	-0.030875	-0.019987	-0.022379	-0.068970	-0.040837	0.007689	-0.018945	-0.003507	0.085415	-0.011571
0.021125	-0.047757	0.023289	-0.007049	0.004491	-0.021330	0.017921	-0.016262	-0.007391	0.058145	0.009961	-0.024762	0.138653	-0.002540
0.023916	0.028394	0.031398	-0.043560	-0.093239	0.020170	-0.015701	-0.024288	0.017594	-0.007236	-0.024923	-0.032596	0.054478	0.003649
-0.080262	0.016743	-0.005201	-0.026696	0.000020	-0.100504	0.053417	0.043601	0.027302	0.042296	-0.054484	-0.045139	-0.034335	0.014422
-0.079343	0.056438	-0.010179	-0.027550	0.033316	-0.054191	-0.001491	-0.014101	0.034493	0.015105	-0.019822	-0.088875	0.003372	0.006574
-0.064676	0.070999	-0.022106	0.037528	-0.009153	0.017521	-0.106979	-0.054062	-0.002946	-0.031957	0.037464	-0.000591	-0.002707	0.015985
0.005672	0.025957	0.052480	0.006286	0.000635	-0.008400	0.022261	-0.007244	-0.029093	0.029987	0.011504	0.035614	-0.003172	0.006664
0.051878	0.006763	-0.062873	-0.018296	-0.013083	0.005512	-0.020736	0.055794	-0.028026	-0.051541	-0.079720	0.001668	0.003459	0.007415
-0.089165	0.030718	-0.004513	-0.039391	0.050908	-0.008469	0.057626	-0.041788	-0.037734	0.045707	-0.124189	-0.200103	-0.072178	0.032523
0.036647	0.014773	0.046055	-0.026741	0.001086	0.042098	-0.004628	0.027282	0.031093	-0.002929	-0.036709	-0.004929	-0.008100	-0.009292
0.030117	0.007085	0.030498	-0.043575	0.007354	-0.014075	-0.013501	-0.022279	-0.056217	0.002145	-0.038761	0.015990	0.038426	-0.051245
0.067293	0.004802	-0.083499	-0.060203	-0.038237	-0.039530	-0.034242	0.011695	-0.019555	-0.053451	-0.095831	-0.013801	-0.044487	0.016397
0.007726	0.000750	0.050017	0.019570	0.007973	0.000618	-0.018648	0.071368	0.044219	-0.010469	-0.028246	0.020746	-0.055149	-0.002070
0.002849	0.023758	0.058126	-0.020905	-0.031726	-0.041075	0.035220	0.002248	-0.027543	-0.017126	-0.011007	0.066038	0.004244	-0.049162
0.007092	-0.028987	0.031058	0.023018	0.011023	-0.023613	-0.053507	-0.068838	0.027881	-0.050259	0.028051	0.025592	-0.016224	0.013980
-0.078926	0.028827	-0.009497	-0.030541	0.039631	0.011780	0.020206	-0.045014	0.001552	-0.012883	-0.022424	-0.117416	-0.041055	-0.023960
0.012806	-0.026491	0.037563	-0.014125	0.015677	-0.085508	-0.044798	0.025187	-0.032953	-0.090257	-0.057280	-0.020071	-0.050304	0.022246
0.016539	-0.063234	0.046778	-0.018752	-0.026089	0.021562	0.002403	-0.050217	0.001796	0.045873	0.060043	-0.044122	0.018001	-0.031819
-0.085509	0.017617	-0.005345	-0.044494	0.020212	0.032292	-0.014299	-0.010052	0.028343	0.019169	-0.001812	-0.052120	-0.036494	0.025371
0.014750	0.045694	-0.034342	0.009803	-0.029018	0.035427	0.013242	0.015849	-0.008098	-0.036470	0.052019	0.000807	-0.041482	0.015386
0.037250	0.031273	-0.061673	-0.014394	-0.056645	0.026596	-0.015126	-0.010979	-0.020816	-0.111780	-0.022248	0.007128	-0.025713	-0.008930
0.031946	-0.002518	-0.040017	0.020244	-0.001377	0.074764	0.065586	-0.008281	0.042551	0.006761	0.046680	-0.064947	-0.039036	0.077708
0.029933	-0.048173	0.045414	-0.040833	-0.047073	0.007410	-0.000030	-0.082914	-0.025520	0.008160	0.054342	-0.000824	0.029763	-0.006327
0.011834	-0.041870	-0.083349	0.089019	0.075164	-0.060618	0.001867	-0.031688	0.038555	-0.039977	0.031806	-0.018425	0.024292	-0.000964
-0.079179	0.027512	-0.034381	-0.047308	0.053750	0.013373	0.012528	-0.051653	-0.019350	-0.025403	-0.023518	-0.083929	0.013698	-0.040052
-0.086359	-0.009760	-0.020727	-0.029336	-0.009424	-0.005243	-0.014431	0.019124	0.049959	-0.016040	0.044603	0.059934	0.037769	-0.018989
0.028231	0.032010	0.038624	-0.026588	-0.026977	0.036765	0.086557	-0.012690	-0.036613	-0.091148	0.021181	-0.003153	-0.011829	0.016006
0.019920	0.005829	-0.038836	0.007904	0.027373	0.007445	0.111124	-0.020623	-0.063165	-0.001819	0.058552	-0.028902	0.036803	0.005518
-0.034421	-0.064785	-0.089718	0.115419	0.022025	-0.082211	0.009151	-0.091860	-0.045716	-0.057660	0.018505	0.049231	-0.026836	0.044918
0.034317	-0.004104	0.045020	-0.005995	0.011441	0.032149	0.022790	0.012010	0.037397	-0.018783	0.008006	-0.041995	0.014350	-0.002927
0.019021	-0.011533	0.029060	-0.008924	-0.052004	0.029473	0.045290	-0.052692	0.105675	-0.034469	0.086248	-0.028036	-0.043230	0.111211
-0.108422	-0.042618	-0.036515	0.154565	-0.055409	0.051190	0.018249	-0.090768	0.028063	-0.046960	-0.020697	0.016778	-0.005547	-0.192779
0.034260	0.036245	0.025854	-0.027030	-0.004255	0.012797	0.032416	-0.046446	-0.018628	-0.030435	-0.053989	-0.035668	-0.072312	-0.008667
-0.108982	-0.087064	-0.032328	-0.029767	-0.022711	0.067007	0.067975	-0.004157	0.018239	-0.004127	-0.018599	0.094466	-0.013061	-0.034950
-0.032267	0.071658	-0.002948	0.055283	-0.038745	-0.009593	0.002266	0.000368	-0.034141	-0.015058	-0.042828	-0.015822	0.050653	0.004200
0.008345	-0.006087	0.044490	0.023918	0.009430	0.000729	0.057167	-0.011808	0.001656	-0.025522	0.012835	-0.011730	0.061751	0.011196
-0.103110	-0.055819	-0.037450	-0.089548	0.042074	0.042716	0.010768	-0.003172	0.045989	-0.006367	-0.009414	0.125124	0.044514	0.086945
0.003430	0.014147	0.061847	-0.020872	-0.000838	0.048380	-0.025977	0.106476	0.009453	0.086146	-0.006881	-0.055158	-0.006043	-0.031118
0.012851	0.011315	0.046387	0.011600	0.048571	-0.033190	-0.011192	-0.000224	-0.066692	0.032453	-0.033196	0.071710	0.011831	-0.017374
0.000826	-0.118121	0.022390	0.029637	0.083076	-0.064852	-0.149262	0.002387	-0.010917	-0.040440	-0.097253	-0.094498	-0.120884	0.005440
0.035438	-0.005223	0.020505	-0.016941	0.063379	-0.037675	-0.046111	-0.033509	0.002783	-0.021122	-0.055125	-0.008011	-0.016812	0.029480
0.037575	-0.008095	0.008930	-0.013998	0.054886	-0.078779	-0.029693	-0.059089	0.009181	-0.039790	-0.020115	0.014257	0.015949	-0.023546
0.042074	0.018996	-0.042590	-0.019426	-0.047217	0.009677	-0.018132	0.044916	0.061935	0.040396	-0.041984	0.026925	-0.031317	-0.024930
0.057384	0.014171	-0.046110	-0.082503	-0.089604	-0.042040	-0.056941	0.015552	0.015242	0.001284	-0.091273	0.053807	-0.031646	0.015954
0.027972	0.044537	-0.037307	-0.014681	-0.010546	0.001939	-0.052417	0.015689	-0.051355	0.032628	-0.003702	0.068845	-0.022169	0.013080
0.028961	-0.023027	0.047766	-0.036795	-0.033597	-0.043983	-0.039670	0.044295	0.046242	0.050124	-0.032849	0.000638	-0.000346	-0.010441
-0.138381	-0.128785	-0.039180	0.022129	-0.089236	0.098721	0.173232	-0.048211	-0.078011	0.023113	-0.143109	0.050996	0.008116	0.123982
-0.060687	-0.135086	0.022036	0.046463	-0.051972	-0.058769	0.059738	0.049230	-0.105000	-0.005779	0.048697	0.023787	-0.020224	-0.027357
0.010259	0.001027	0.036783	-0.000457	-0.003994	0.024768	-0.036038	-0.021699	-0.024992	0.029659	0.052789	0.011113	-0.042040	-0.012527
-0.044340	-0.165534	0.020301	0.017725	-0.029329	-0.028313	-0.082859	0.083146	-0.041009	-0.093959	0.005470	0.071357	0.028711	-0.028735
-0.072817	-0.035295	-0.033144	-0.124863	0.025972	-0.004256	-0.010402	0.037748	0.016748	0.012763	0.028167	0.121907	-0.002758	-0.043961
-0.019464	0.010143	0.038127	0.033868	-0.017413	-0.057129	-0.068426	0.018996	-0.033912	-0.017194	0.034734	0.021547	-0.055116	-0.001903
-0.084331	-0.007413	-0.011215	-0.054170	0.015554	-0.033989	0.035796	0.014967	-0.005803	0.004082	0.028372	-0.032668	-0.095640	-0.006862
-0.079272	0.033920	-0.023059	-0.005142	0.049269	0.018768	-0.061582	-0.054049	-0.023719	0.047136	0.034501	-0.064587	-0.015369	0.022947
-0.090336	0.020527	0.012565	-0.024866	-0.082615	-0.063391	0.074478	0.025449	-0.016795	0.045327	0.027562	0.016671	-0.041812	-0.000243
0.031310	-0.002087	-0.050443	-0.010705	-0.020779	0.013720	0.027685	0.020968	0.006736	0.017096	-0.002412	-0.050529	-0.029057	-0.013154
-0.042818	0.074007	0.007690	-0.097257	0.032436	-0.093506	0.030018	0.021743	0.023794	-0.079177	-0.037702	-0.041196	-0.128726	0.020659
0.042299	-0.064085	-0.112656	-0.038981	0.028221	-0.110719	0.011226	-0.063231	-0.077297	0.068713	0.027914	-0.087331	0.005538	0.041841
0.002001	-0.001712	0.018618	0.048685	0.065870	-0.001505	-0.024144	0.029024	-0.034907	-0.070920	-0.016279	0.017270	0.009024	-0.013655
-0.039284	-0.182531	0.032362	0.001620	-0.091676	0.011316	0.014141	0.045439	-0.119162	-0.017629	0.057657	0.017399	0.045526	0.130042
0.025604	0.000078	0.057735	0.005747	0.048466	0.014562	0.011791	0.017820	0.000506	0.010511	-0.021421	0.014640	-0.019160	0.004436
-0.041648	0.076117	-0.001208	0.079914	-0.065332	0.009550	-0.036662	-0.017648	0.019564	-0.057430	-0.034414	-0.035376	0.065651	0.009815
-0.089766	0.009956	-0.024929	0.004880	0.071067	0.073477	-0.033286	-0.067158	0.022196	0.012583	-0.074329	-0.138243	0.018984	-0.070498
0.002996	0.040750	0.035540	-0.002060	-0.056601	-0.035336	0.023001	-0.028877	0.015055	-0.030929	-0.006548	0.010154	0.035285	0.001318
0.033387	0.013227	0.055452	-0.009352	0.077485	0.050494	0.052382	-0.005941	-0.043422	0.005045	-0.032498	0.038078	0.011513	0.057597
0.012982	0.020279	0.058969	0.000853	0.054805	0.030195	0.084941	0.021156	-0.096959	0.034957	-0.017108	0.018707	0.063473	0.023562
0.051883	-0.013346	-0.073491	0.019537	0.056570	-0.013155	-0.016542	0.021097	0.011212	0.055463	-0.010991	0.010688	0.019207	0.026085
0.043016	-0.001060	-0.050942	0.009524	-0.034451	0.029637	0.001241	0.040012	0.101316	0.053914	-0.001805	-0.006401	-0.034105	-0.021299
0.021646	-0.007361	0.030814	0.018447	0.019055	0.028381	-0.009870	-0.069982	0.045327	-0.021186	-0.016523	-0.026502	0.019159	-0.000357
0.038328	0.011321	-0.072727	-0.007257	0.029496	-0.031494	-0.011664	0.040013	-0.019389	0.019990	0.003203	-0.024148	0.021341	0.010245
-0.084382	0.035255	0.008885	0.090435	-0.078644	-0.007311	-0.061327	-0.019464	0.001765	0.013765	0.025150	0.070795	-0.113062	-0.082578
0.002252	0.022584	-0.025959	0.037754	-0.019802	-0.045749	-0.025897	0.050112	0.025005	-0.013082	-0.009299	-0.003692	0.044240	-0.003718
0.015338	0.020175	0.051902	-0.012788	0.023658	-0.037577	-0.022318	0.105352	0.012669	-0.034759	-0.035452	-0.019244	0.008868	-0.042206
-0.065322	0.052564	-0.005526	-0.022266	0.011768	0.015364	-0.079459	-0.010931	-0.035005	0.058428	0.095402	0.003009	-0.026984	0.018600
0.007961	0.018385	0.052952	0.005069	0.016867	0.011387	-0.003277	0.015774	-0.018231	0.017605	0.005195	0.019022	0.042918	-0.013590
0.031727	0.029395	0.029961	-0.024597	0.038496	-0.021961	0.059026	-0.015697	-0.092866	-0.039276	-0.052113	0.061065	0.059777	0.024121
0.014443	0.042332	0.062468	-0.049942	-0.062044	0.013274	0.042180	0.008254	0.045803	0.053631	0.035385	0.028699	-0.046716	-0.028759
-0.101995	-0.059874	-0.059454	-0.091141	0.036690	0.006296	0.036941	-0.003634	0.042780	-0.002005	-0.048445	0.122902	0.084032	0.002218
0.013121	-0.001552	-0.015061	0.026746	-0.001432	0.026529	-0.014249	0.025481	0.060266	0.056740	0.057065	0.001136	0.005111	0.015980
0.025918	-0.006742	0.035518	0.016672	0.042345	-0.028676	-0.016278	0.015047	0.007809	-0.040030	-0.051872	0.025428	0.023987	0.010225
0.034515	-0.018734	-0.022163	-0.027347	-0.051991	0.027005	0.007628	0.020794	0.032144	0.110066	0.018710	-0.043307	0.047741	-0.016153
0.031779	0.026597	-0.035741	0.003094	-0.016432	0.022173	0.003125	0.066405	0.003848	-0.007713	-0.007177	0.018050	0.017903	-0.005337
0.028077	0.021292	-0.040037	0.007754	-0.028915	0.050743	-0.009515	0.015088	-0.026119	0.019731	-0.002132	0.005072	-0.028138	-0.010977
-0.060567	0.076146	-0.016507	0.012579	0.006082	0.024070	-0.114959	-0.040847	-0.012206	-0.009753	0.058101	-0.029157	0.020108	0.060455
-0.061836	0.106353	0.020633	0.049475	-0.088503	-0.009516	-0.039014	-0.008595	0.015743	-0.009009	-0.071383	-0.056416	0.080186	-0.054852
0.014277	0.033117	0.037613	0.007773	0.025330	0.026702	0.031766	0.010817	0.001926	-0.001968	0.026689	-0.003956	-0.021308	-0.026207
0.047175	-0.004671	0.050240	-0.067084	-0.031065	-0.013845	-0.029350	-0.070398	0.015794	0.045378	-0.011730	0.022914	-0.030365	0.026266
0.032675	0.026932	-0.023940	-0.007656	-0.012759	0.031822	0.019150	0.035557	0.040770	0.055710	0.013104	-0.025510	-0.047445	0.000660
-0.000779	0.021768	-0.019850	0.058882	0.068843	0.040484	0.001547	0.008931	-0.105700	0.064439	0.023007	0.035959	-0.011781	-0.030802
0.020816	-0.018768	0.033970	-0.001202	0.023659	-0.013361	-0.002584	-0.066466	-0.058113	-0.043668	0.023008	0.018617	-0.003086	0.011355
-0.053639	0.083243	-0.005899	0.083360	-0.089726	0.025684	-0.045736	-0.033546	0.008486	-0.071696	-0.053809	-0.033610	0.088523	0.107561
0.007305	0.030983	0.053844	0.009325	0.015150	-0.005656	0.022842	0.000149	-0.027714	0.037128	0.002949	0.067894	-0.008571	0.000900
0.043881	-0.001062	0.036064	-0.010209	0.035071	0.025378	0.001647	-0.032232	0.075930	0.026551	-0.012854	-0.001697	-0.048969	0.026633
-0.097953	-0.056985	-0.037327	-0.088637	0.038600	0.059747	0.021570	0.004666	0.058805	-0.012157	-0.019677	0.117950	0.018179	-0.007500
-0.085016	-0.055994	-0.050417	-0.083008	-0.003984	0.023120	-0.034047	0.011729	0.006248	-0.018902	0.035121	0.130337	0.058659	-0.002129
0.033490	-0.026163	0.052008	-0.003859	-0.005438	0.015665	-0.020737	-0.006463	0.065723	0.017251	-0.001558	-0.007186	-0.009471	0.013510
0.006421	-0.040010	0.029611	0.012097	0.009677	0.009048	-0.092077	-0.053552	-0.014984	0.025736	0.039999	0.005372	0.032150	-0.033694
0.025659	-0.002903	0.027217	0.001535	0.021623	0.012015	0.050179	-0.016180	-0.026002	0.006862	0.011541	-0.050050	-0.036297	-0.015392
0.027632	0.026082	-0.023840	0.023115	0.027715	0.031881	0.026431	0.056890	-0.004672	0.013836	-0.001121	0.044349	-0.026807	-0.004509
0.004273	0.007783	0.036388	-0.003165	-0.024313	-0.012176	-0.004298	-0.028048	-0.011863	0.019666	0.065232	0.007122	0.008509	-0.009887
0.057256	-0.018624	-0.088953	-0.039471	0.013505	-0.035677	0.010380	-0.004282	-0.042642	-0.007893	0.006754	-0.038039	0.024069	0.009028
0.034256	0.022820	-0.039255	0.016191	0.002767	0.036652	0.051566	0.051924	-0.008747	-0.073791	0.008810	0.000069	0.019301	0.005535
-0.029593	-0.118987	0.034918	0.005244	-0.038282	-0.015750	-0.029158	0.067663	-0.072048	-0.028679	0.096350	-0.080096	-0.042238	0.073033
0.003943	0.003744	0.045307	0.001703	-0.036261	0.001766	0.024054	-0.018375	0.005394	-0.000885	0.026133	0.010754	-0.012581	0.001976
-0.097941	-0.038100	-0.018969	-0.009226	-0.031256	0.046126	0.064654	-0.003819	0.013141	-0.043981	0.032211	-0.008974	0.040007	0.058759
0.013331	-0.014489	-0.056601	0.059717	0.039005	-0.014527	0.057258	0.029945	0.030363	-0.066416	0.051109	0.001474	0.035148	0.007086
-0.008802	-0.028247	0.034098	0.062343	0.036323	0.029917	0.078115	-0.035168	-0.018009	-0.107501	0.044475	-0.041758	0.036463	-0.008850
-0.010984	0.058227	-0.032893	0.027649	-0.039649	0.006245	-0.044511	-0.040287	-0.051097	-0.064329	0.005005	0.003544	0.032930	0.038089
-0.020080	-0.095914	0.014166	0.026564	-0.022081	-0.018625	-0.100096	0.139224	0.042967	-0.102455	-0.034776	0.035493	-0.017057	0.089930
-0.077676	0.025519	-0.025064	-0.069454	0.010467	-0.030708	-0.030899	0.001274	-0.009989	-0.002978	0.069628	0.038250	0.029316	0.002954
0.026506	0.006464	0.062820	-0.000738	0.029542	0.054238	0.009880	0.016212	0.024744	0.044224	-0.017199	-0.009994	-0.016654	-0.005658
-0.016097	0.045996	-0.031468	0.050605	-0.042374	0.022178	-0.108927	-0.033640	-0.048703	0.043805	0.041094	0.042452	0.007151	0.003674
0.040191	-0.022707	-0.061501	0.030616	0.033309	-0.024615	-0.033988	0.054605	0.072395	0.086143	0.012678	0.043814	0.014796	0.003847
-0.079081	-0.122341	-0.023337	-0.044853	-0.038597	0.075531	-0.000117	-0.054891	-0.139696	0.083224	-0.084838	-0.042541	-0.107990	0.112544
-0.005619	-0.014813	0.033352	0.029106	0.002094	-0.022101	-0.080728	0.000956	-0.033720	-0.012119	-0.025518	0.015939	0.016548	0.006792
0.056169	0.007263	-0.048791	-0.022793	-0.022157	0.023795	0.000441	0.068847	0.002595	0.026472	-0.045122	-0.006384	0.018380	-0.007929
0.026074	0.020546	0.037267	0.012474	0.033187	-0.038246	0.006870	0.034340	0.014345	0.009080	-0.036815	0.046305	0.017633	0.004573
0.009343	0.026225	0.071872	-0.021098	0.013126	0.015395	0.036650	0.061016	-0.022028	0.071958	-0.003256	0.031033	0.023653	0.052650
-0.000307	0.034920	0.024574	0.032301	0.022237	-0.003547	-0.027137	-0.006375	-0.047624	0.020012	-0.011407	0.012354	0.041124	-0.024294
0.027506	-0.004327	0.030125	-0.002593	0.033839	0.019489	-0.073513	0.000468	0.057234	0.013635	-0.023727	-0.053254	-0.002589	-0.022260
0.005188	-0.043951	0.041811	-0.032612	-0.115687	-0.014543	-0.019108	-0.060192	0.016389	0.115567	0.010513	-0.003608	0.100988	0.001189
-0.010312	-0.089075	0.042759	-0.029456	-0.012121	0.012091	-0.098787	0.072710	-0.020673	0.012766	0.037069	-0.040264	-0.046418	0.032160
0.009259	0.049124	0.065853	-0.035994	-0.032783	-0.058770	0.015030	0.075853	-0.020397	-0.026885	-0.033910	0.019966	-0.023978	-0.039123
0.005370	0.052723	0.049059	-0.009843	0.015100	0.001417	-0.010617	-0.027472	-0.073097	0.063972	0.011510	0.063983	-0.027518	-0.010417
0.040468	0.020277	-0.036900	-0.020648	-0.018784	0.033534	-0.016813	0.038666	-0.015260	0.019821	-0.015357	0.024685	-0.007335	-0.000041
0.001787	0.033099	-0.035658	0.049321	0.000671	0.015198	-0.054947	-0.017060	-0.027935	0.056410	0.021895	0.028612	0.019210	-0.006585
0.018713	0.022020	0.059173	-0.008652	-0.003396	0.027695	-0.022864	-0.014679	0.012394	0.060687	0.036138	0.026496	-0.028036	0.009215
0.024629	-0.019062	0.050093	-0.035927	-0.048737	0.003215	-0.040904	0.009028	0.013847	0.037043	-0.015753	-0.004396	0.075302	0.036302
0.018599	0.020023	0.050050	0.011358	0.088162	-0.009144	0.012358	0.012497	-0.077900	0.026996	-0.029731	0.039924	0.055738	0.026695
-0.008478	0.014768	0.049676	0.031116	-0.005791	-0.047860	-0.035152	0.050397	-0.003874	-0.023990	0.000044	0.035697	-0.037440	0.017152
-0.013195	0.059738	0.038905	0.024983	-0.003726	0.044046	-0.012047	0.018500	-0.097224	0.059955	0.048828	0.033929	-0.024830	-0.015934
-0.001871	0.032564	0.027522	0.022763	-0.015106	0.003848	-0.034429	-0.028969	-0.036082	0.017629	-0.025912	0.010734	0.056031	0.006529
0.039372	-0.033120	0.030418	-0.014414	0.039763	-0.004159	0.004466	-0.095844	0.023970	0.000941	0.019525	0.008923	0.041891	-0.021209
0.006073	0.040377	-0.025556	0.037252	0.027459	0.039158	0.011509	0.014356	-0.053935	0.021147	0.040328	0.019016	0.003410	-0.009704
0.004686	-0.113177	0.020292	-0.002497	0.003265	-0.027873	-0.008157	-0.025804	-0.019570	0.040794	0.018746	-0.044033	0.019704	-0.045468
-0.028163	0.056980	-0.025563	0.040732	-0.036313	-0.042705	-0.047043	0.007774	-0.057539	-0.023143	-0.057033	0.001257	0.055752	-0.016170
0.014466	0.016526	-0.027855	0.018753	0.049767	0.024141	0.048119	0.046362	-0.082157	0.058265	-0.008173	0.014310	0.037385	0.008037
0.033859	0.009848	0.061265	-0.043489	-0.013587	0.028017	-0.003210	0.000027	0.031514	0.033078	-0.008233	-0.002952	-0.037605	-0.006058
0.018749	0.034405	0.031132	0.012838	-0.028821	0.024141	-0.026334	-0.014316	0.039922	-0.004159	-0.052104	0.016812	0.062396	-0.019204
0.040027	0.026521	0.054117	-0.066237	0.003736	0.015302	0.025180	-0.064724	-0.069432	0.000768	-0.025379	0.077206	-0.054939	-0.039536
0.012480	-0.006788	-0.077874	-0.004022	-0.010827	-0.101847	0.026983	0.019346	-0.063365	-0.003648	-0.000661	-0.004594	-0.033275	0.007190
-0.011183	0.048497	-0.031444	0.048735	-0.011793	0.016992	-0.058803	-0.041226	-0.087553	0.015406	0.076434	0.062600	-0.054121	-0.020159
0.024352	0.013472	0.062660	0.009207	0.038507	0.034524	0.006318	0.029579	0.008034	0.007549	-0.025964	0.027975	-0.002456	-0.018583
0.046435	0.024585	-0.054084	-0.023336	-0.014495	0.018768	0.005770	0.011325	-0.015994	0.010428	0.004117	0.011474	-0.041265	0.003245
-0.081839	0.076186	0.017339	0.062674	0.037853	-0.027129	0.044393	-0.002046	0.003121	0.044244	-0.041036	-0.029009	0.007035	0.057513
0.017263	0.037258	-0.009274	0.022336	-0.032817	0.061079	-0.000486	0.063980	0.044173	0.009068	0.005569	0.002345	-0.024686	-0.012268
0.009385	-0.009376	0.020346	0.036976	0.048369	-0.032413	0.050760	0.012841	-0.015786	0.041923	-0.005537	-0.059765	-0.004704	0.002596
-0.013453	-0.020457	0.064053	0.020068	0.015345	-0.047508	-0.024673	0.059505	-0.019252	0.007313	0.001725	-0.021952	-0.064546	0.017434
0.033533	0.004055	-0.079131	-0.007983	-0.007496	-0.066301	-0.016752	0.001340	-0.035563	0.001373	-0.044578	0.017100	0.001923	0.000974
0.006159	-0.033202	0.013031	0.014515	-0.042880	-0.034873	-0.049676	-0.063765	-0.028424	0.010917	-0.024475	-0.040248	0.051057	-0.021788
-0.002595	-0.012639	-0.004245	0.070262	0.080369	-0.063657	-0.032372	-0.082363	-0.008066	-0.044314	0.021724	0.040260	-0.020587	-0.009659
0.024186	-0.006324	0.050249	-0.007811	-0.014332	0.011504	-0.007329	-0.001577	0.069323	0.025172	0.034417	-0.034121	-0.027726	0.026508
-0.074669	0.055827	0.011457	0.054380	0.022864	-0.022044	0.008905	0.033350	0.044086	0.058038	-0.034313	-0.004146	0.056017	-0.000828
0.025146	-0.023748	-0.046047	0.059779	0.035892	-0.028513	0.023053	-0.013333	0.055745	0.084144	0.024194	0.018946	0.025030	-0.052221
0.050095	-0.008160	0.037748	-0.036927	0.008671	-0.008303	-0.008560	-0.055445	0.021967	-0.072484	-0.052507	0.009134	-0.056870	0.020008
0.001616	0.046616	-0.051406	0.020300	-0.023637	-0.009965	-0.099821	-0.024887	-0.077845	-0.013345	0.005601	0.032513	0.007610	-0.018497
0.025298	0.028380	-0.027374	0.009718	-0.002325	0.043813	-0.006788	0.018532	-0.009864	0.020694	-0.015488	0.010747	-0.006748	0.010932
-0.057540	0.076472	0.029921	-0.031726	0.038754	-0.026421	0.011697	0.041689	-0.010144	0.056691	-0.021007	-0.096385	-0.094186	0.036140
0.051018	-0.019706	0.040783	-0.065437	-0.047966	-0.002523	-0.006771	-0.097855	0.003739	0.032593	-0.031093	0.036801	0.003060	-0.011475
-0.018694	0.064386	-0.018795	0.036928	-0.082608	0.007264	-0.046566	-0.025134	-0.032192	-0.025312	-0.033131	0.004139	0.042415	0.004143
-0.070804	0.025927	0.027928	0.008361	-0.073795	-0.075123	0.033021	0.096218	0.097429	0.034793	0.038599	0.045272	0.052314	0.039280
0.014397	0.033268	0.044276	-0.008767	-0.004067	-0.003787	0.008623	-0.066889	-0.028517	0.000015	0.018408	0.072058	-0.041049	-0.013645
-0.069595	0.036552	-0.020932	-0.118361	0.082318	-0.030395	-0.002083	0.009137	0.015546	-0.011850	0.021093	-0.043266	0.003277	0.095706
0.015534	-0.018025	0.046208	0.024104	0.056818	-0.010089	-0.051433	0.002488	0.008997	-0.062149	0.005190	-0.005369	-0.078509	-0.004353
-0.014558	0.053003	-0.035325	0.047105	-0.034860	0.005070	-0.043932	-0.009245	-0.041069	-0.010257	-0.019813	0.006878	0.022578	0.029773
0.034478	-0.010659	-0.045405	0.032285	0.053015	0.039824	0.025777	0.070396	-0.001909	-0.013516	0.010806	-0.035881	0.011473	-0.012873
0.010445	0.038910	-0.017966	0.017469	-0.034474	0.044484	-0.003993	0.034867	0.016300	0.000393	0.008950	-0.001526	-0.034715	0.026646
0.021826	0.007231	0.055377	-0.011369	0.011606	0.021921	0.021342	0.013087	-0.039284	-0.014988	-0.031179	-0.002545	0.021445	-0.019632
-0.027039	0.064022	0.028779	0.050305	-0.030298	0.009344	-0.018636	-0.007243	-0.037497	0.002027	0.007845	0.007189	0.032707	0.032235
-0.016610	0.045652	-0.020765	0.059492	0.010209	0.018248	-0.056138	-0.016977	-0.055480	0.041375	0.044213	0.046997	-0.019478	0.007736
-0.086545	0.045702	0.018703	-0.047446	-0.092773	-0.142209	0.094619	0.080711	0.052065	0.008226	0.027642	0.029779	0.009562	0.042793
0.035679	0.024207	0.023173	-0.006302	0.011865	0.044321	-0.022363	0.011145	-0.013810	-0.047322	-0.037648	0.025935	0.012163	-0.011996
-0.040586	0.006601	0.026046	0.070781	-0.002267	0.030686	-0.113042	-0.005888	-0.043972	0.010588	0.077431	0.015451	-0.052635	0.014134
-0.010975	0.056799	-0.010262	0.036412	0.043175	0.017133	0.028739	0.032800	-0.085204	-0.016053	-0.030273	0.003808	0.040379	0.018591
-0.097149	-0.144946	-0.010240	-0.007321	-0.095522	0.145853	0.128027	-0.007694	-0.097692	0.102982	-0.065489	0.040104	-0.089319	-0.136485
0.053956	0.022344	-0.039748	-0.041242	-0.053652	0.046178	-0.006928	0.038501	0.024792	0.031920	-0.025905	-0.004060	-0.010573	0.034050
0.019578	-0.012397	0.052852	0.015932	0.048632	0.032332	-0.014685	0.012779	0.045821	-0.009760	0.011076	-0.016241	-0.005986	0.001781
-0.077546	0.089572	0.020638	0.058785	-0.045784	-0.027151	-0.012907	-0.002409	0.007574	-0.002327	0.028796	-0.002917	-0.016965	0.055028
-0.030587	0.036086	0.045326	0.025386	-0.057908	-0.068182	0.001561	0.044520	-0.000359	-0.046937	-0.033365	-0.028017	0.014498	-0.010202
-0.066198	0.098638	0.007115	0.081924	-0.075947	0.013496	-0.059838	-0.032249	0.020347	-0.041866	-0.078480	-0.054379	0.098623	0.065021
-0.083587	-0.021804	-0.035810	-0.110860	0.059081	0.032201	-0.018245	-0.019081	0.012963	-0.017454	0.035182	0.020874	0.032666	0.014970
0.047776	0.022013	-0.070314	-0.081286	-0.075124	-0.025986	-0.008811	0.015508	-0.052059	-0.019736	-0.061590	-0.017137	-0.027627	0.009887
-0.044166	0.038931	0.062309	-0.014162	-0.107110	-0.160517	0.048244	0.080980	-0.007497	0.012403	0.021468	0.032760	-0.050883	-0.071239
-0.069892	0.086801	-0.007111	0.110988	-0.059903	0.032121	-0.101527	-0.066217	0.008946	-0.045764	-0.023612	-0.020728	0.061073	-0.041449
0.022637	-0.015381	0.055527	-0.007844	-0.011957	0.036864	0.045395	-0.004129	0.024408	0.024844	0.012363	-0.018030	0.023102	0.002670
0.015910	0.024590	-0.046228	0.008923	-0.009352	-0.010887	-0.008784	0.001279	-0.072427	0.032875	-0.007067	0.023868	-0.006375	-0.020156
-0.106725	0.001216	0.000908	-0.005235	-0.053967	-0.035595	0.091216	0.027794	0.005153	0.034129	-0.039857	0.005316	0.035170	-0.105125
-0.006302	0.010596	0.047907	0.012467	-0.018315	-0.050144	-0.009892	0.050662	-0.022412	0.018207	0.002744	0.034854	-0.026126	0.011086
-0.022368	0.060054	-0.019639	0.051945	-0.045702	-0.009501	-0.035790	-0.011243	-0.017202	-0.032870	-0.033924	-0.002501	0.050111	0.001983
0.019617	-0.017706	0.048706	-0.001610	-0.006142	-0.045605	0.035516	-0.021067	0.027304	0.037266	0.011531	0.026584	0.050603	0.020575
-0.064650	0.078780	-0.005114	0.097488	-0.051873	0.058589	-0.151570	-0.059954	-0.017705	0.019364	0.083799	0.028096	-0.012449	0.056167
-0.030106	0.019951	0.062733	0.004091	-0.035567	-0.165178	0.066445	0.077522	-0.003074	0.016262	0.009272	0.013270	-0.021586	-0.010006
-0.068794	0.008351	-0.010142	0.025790	0.052247	0.013177	0.024208	-0.040975	0.016442	-0.027552	-0.120349	-0.013600	-0.214126	0.067613
-0.100084	-0.000088	-0.009573	0.009902	0.060682	0.013875	0.017729	-0.031191	0.061243	0.039230	-0.095323	-0.056804	0.006764	0.026481
-0.010917	0.046281	-0.026895	0.052466	0.003262	0.024335	-0.077862	-0.009606	-0.051045	0.021498	0.079944	0.052737	-0.052855	0.029033
-0.008301	0.050861	0.060537	-0.004579	-0.003042	0.017602	0.082999	0.053304	-0.033627	0.041248	0.000302	-0.002887	0.017431	-0.025810
-0.036982	-0.029002	0.030471	0.048481	-0.041774	0.002738	-0.019164	0.007506	-0.056131	-0.021397	-0.007429	-0.021133	0.030195	0.045521
0.031209	-0.001681	-0.031230	-0.068505	-0.116242	0.041027	0.029500	-0.000166	-0.012750	-0.019126	0.008679	-0.101343	0.041384	0.009466
-0.106007	-0.035733	-0.042194	-0.054622	0.070525	0.022135	0.062981	-0.063719	0.036690	0.007165	-0.115356	0.024208	0.009253	0.059256
0.036387	0.010255	0.041174	-0.003119	-0.013917	0.044607	-0.003417	-0.043027	0.057045	-0.070696	-0.027932	0.025499	-0.032815	0.013198
-0.065434	0.027235	-0.032697	-0.115514	0.062418	-0.031537	-0.038874	-0.016427	0.006801	-0.099072	0.049896	0.062035	-0.028951	-0.097185
0.008097	-0.013227	0.043501	0.028130	0.041943	0.012085	-0.050401	0.035569	-0.030493	-0.023656	-0.026187	-0.000270	-0.012514	0.021606
0.010908	0.041720	-0.019688	-0.002109	-0.007256	-0.023279	0.047213	0.020242	-0.009306	0.023789	0.030397	0.021811	-0.080156	-0.000053
0.013705	-0.000716	0.043806	0.003843	0.002274	0.011481	-0.005703	-0.002669	-0.052040	-0.039648	-0.049025	-0.016010	0.079805	0.012503
-0.071490	0.075462	0.004061	-0.053931	-0.013950	-0.100441	0.029757	0.021682	0.014544	-0.019796	0.020131	-0.061319	-0.034632	-0.054227
-0.022036	-0.015787	0.049830	0.028291	0.011051	-0.078371	0.011100	0.058842	-0.034110	-0.036819	0.004379	-0.025021	-0.053391	0.013783
0.050520	-0.032962	-0.089200	-0.005242	-0.011260	-0.062647	-0.017077	0.010441	0.057279	0.023346	-0.016590	-0.040347	0.049671	-0.013247
-0.029535	0.070383	-0.003724	0.042734	-0.054908	0.027653	-0.042600	-0.022455	-0.015283	0.021423	0.023626	-0.002539	-0.024347	-0.030725
0.008185	-0.062387	0.057330	-0.024754	-0.022665	0.003099	-0.021542	0.055807	-0.021882	-0.003861	0.026964	-0.024811	-0.081279	-0.013037
-0.113352	-0.100797	-0.036118	0.041072	-0.090703	0.058797	0.045208	0.027799	0.032367	-0.008063	-0.033612	0.125981	0.056410	-0.239861
-0.082781	0.014715	-0.022540	0.036661	-0.002210	0.027070	0.008745	-0.059108	-0.025889	-0.028274	0.027005	-0.040317	-0.053249	0.096305
0.013423	-0.024578	-0.074220	0.045558	0.006057	-0.055629	-0.019710	-0.037011	0.016636	0.006572	0.047202	0.013735	0.011519	-0.036609
0.039519	0.006314	-0.022257	0.012904	-0.001397	0.066253	0.067920	0.010532	0.065533	0.031365	0.049092	-0.025371	-0.046957	0.009804
0.024507	-0.034715	0.039374	-0.031764	-0.029545	-0.018425	0.047630	-0.074475	-0.001316	-0.019600	0.067446	-0.022307	0.021059	-0.001161
0.005577	0.037710	-0.032860	0.043704	0.001404	0.042994	-0.059335	-0.010684	-0.045406	0.057171	0.068444	0.055795	-0.027904	-0.018131
0.024156	0.027597	-0.054179	0.019236	-0.030828	-0.015893	-0.071045	-0.000521	0.013803	0.012923	-0.032349	0.023135	0.003395	0.021281
0.009563	0.042506	0.032120	0.016380	0.006904	-0.009078	-0.034957	-0.042263	-0.028056	-0.013174	-0.058971	0.028626	0.047319	-0.014595
0.025570	-0.023015	0.041381	0.000867	0.006449	-0.024953	-0.015970	0.002422	0.039921	0.047999	-0.016491	-0.007512	0.079583	-0.014831
0.049244	0.008293	-0.054664	-0.024704	-0.037581	0.025633	-0.029585	0.111857	0.035058	0.045645	-0.026838	-0.016257	0.016505	-0.011943
0.016241	0.038198	0.056738	-0.011419	0.024991	0.000965	0.014793	0.046777	-0.038497	0.030497	-0.058838	0.011291	0.085775	0.006983
0.020068	0.027957	-0.023259	0.018269	0.008015	0.051250	-0.039286	0.022519	-0.024073	0.080700	0.031365	0.025887	0.024681	-0.024062
-0.004002	-0.054518	0.036329	0.064664	0.102371	0.002153	-0.037754	0.028811	0.002664	-0.076838	-0.042470	-0.058591	-0.036509	-0.062740
0.036062	-0.031550	0.045601	-0.019623	0.002967	0.000499	0.013388	-0.056877	0.004729	0.039552	-0.013984	0.021019	0.016508	-0.017255
0.012509	-0.003685	0.035332	0.002520	-0.030621	0.009970	-0.011883	-0.043988	0.061429	0.020546	0.019051	0.006927	-0.000353	0.009972
0.039844	-0.012075	-0.049148	0.030134	0.040160	0.037270	-0.001355	0.068323	0.044885	0.004961	0.009550	-0.016460	0.011995	-0.025342
0.029162	-0.028695	-0.078682	-0.036225	-0.061395	-0.067320	0.037910	-0.095781	-0.017572	0.066871	-0.006733	-0.021126	-0.002593	-0.012307
-0.075177	0.052386	-0.006646	0.004386	-0.005385	-0.032784	-0.042241	-0.009840	-0.009799	0.012184	0.078929	0.023925	-0.043815	0.011465
0.036122	0.007823	0.034164	-0.023593	0.034754	0.018321	0.030274	-0.066754	-0.032528	0.001268	-0.008096	0.038046	-0.018151	-0.002658
0.018447	0.010447	0.057211	-0.020074	0.026003	-0.052857	0.067566	0.000273	-0.016614	0.012135	-0.035029	0.077334	0.012184	0.050911
0.011372	-0.096517	0.049227	-0.004120	0.030001	0.004322	-0.126048	0.081801	0.007110	-0.023158	0.056076	-0.090364	0.063285	-0.007377
0.023487	0.003379	-0.070555	0.032816	0.014332	-0.058412	-0.023098	0.010400	-0.012765	-0.009512	-0.045078	0.022765	0.017880	-0.013445
0.031246	-0.003087	-0.040454	0.025199	-0.011006	0.027261	0.009791	0.082107	0.032056	-0.009438	0.027113	-0.008572	0.023695	-0.016683
-0.094131	-0.044876	-0.043789	-0.117450	0.054398	0.054999	0.001825	0.020823	0.066309	-0.024257	-0.012854	0.135225	0.041929	0.021044
0.031813	0.009855	-0.018591	0.020135	0.025136	0.055259	0.015135	-0.004687	-0.008191	0.027300	0.021218	0.023544	-0.020043	-0.005834
-0.033041	-0.101233	0.047107	0.019504	-0.017970	-0.026805	-0.021677	0.054674	-0.001578	0.022039	0.007009	-0.046447	-0.096779	-0.080276
0.025051	0.007876	0.026520	0.017946	0.045514	-0.056267	0.017296	-0.030575	0.041554	-0.022742	-0.017217	0.042265	0.008744	0.019774
0.030496	-0.005591	0.060573	-0.005955	0.016018	0.044557	0.021393	0.006212	-0.001973	0.021912	-0.013565	0.000172	-0.004296	-0.014598
-0.029264	-0.020348	-0.017306	0.070831	0.012934	-0.103395	0.128160	0.021549	0.017887	0.045453	0.065070	0.012869	-0.005943	0.010110
-0.076170	0.090277	0.014588	0.053049	-0.014699	-0.013764	-0.008910	-0.006955	0.026164	0.006912	-0.053393	-0.044613	0.044113	0.045785
-0.002146	-0.006919	0.028328	-0.000809	0.001794	-0.038730	-0.037405	-0.068161	-0.051460	0.028851	0.036438	0.049766	-0.023965	-0.006375
0.022831	0.011917	-0.048878	0.014388	-0.048528	0.021676	-0.001032	0.015506	0.044143	-0.014139	-0.022262	-0.024115	0.012477	0.003123
0.012056	-0.005542	0.052683	-0.003626	0.036197	0.026632	0.042229	-0.039709	-0.031341	0.035443	0.024095	0.020849	-0.009216	0.028996
0.006381	0.006731	0.033168	0.032970	0.057391	-0.014686	0.019699	-0.050065	-0.020343	-0.028038	-0.028624	0.048318	0.003798	0.050176
0.018947	0.024934	0.033356	-0.011429	-0.059790	0.041633	-0.017272	-0.069951	0.029415	-0.018148	-0.040149	0.000397	0.004742	-0.013244
-0.076711	0.070585	0.028622	0.022170	-0.121805	-0.042170	0.084838	-0.020636	0.086481	0.041082	-0.098881	-0.137672	0.059908	0.053943
-0.070298	0.063409	0.006523	-0.103453	-0.019741	-0.103293	0.072668	0.042732	0.023352	-0.042521	0.074327	-0.050931	0.003671	-0.073108
0.028847	-0.041570	0.046410	0.004836	0.018078	0.039111	0.010624	-0.015150	0.057020	0.028644	0.042538	-0.056132	0.035276	-0.000515
0.004677	0.012986	0.053923	-0.012749	-0.016290	0.013382	0.020059	0.014610	0.002366	0.025905	-0.006262	0.017381	0.059804	0.018649
0.027896	-0.068438	-0.118104	0.076488	0.072375	-0.118741	0.024143	-0.098354	-0.006564	-0.037951	0.039769	0.062834	-0.016393	0.024312
0.039049	0.012882	-0.023461	-0.027597	-0.071795	0.049378	0.004755	-0.049002	0.068620	0.080170	0.050934	0.009521	-0.089619	-0.007508
0.014734	-0.009374	0.015714	0.011189	0.036820	0.029165	0.056411	0.037898	0.018386	0.050774	0.037964	-0.068890	0.038241	-0.010815
0.015799	-0.022939	0.042900	-0.015938	-0.004761	0.000267	0.035101	-0.064887	-0.047575	0.016602	-0.006081	-0.022161	0.119758	-0.006487
0.032718	-0.004414	0.037873	0.024956	0.063862	0.026801	0.018941	-0.019555	0.027224	-0.056669	-0.006331	0.014002	0.040239	-0.002481
-0.004168	0.024234	0.051325	0.010672	0.044046	-0.003656	0.095266	0.003123	-0.111204	0.000246	0.004293	0.015181	0.053332	0.008086
0.042519	0.001122	-0.053001	0.006029	0.044944	0.018156	0.061219	0.005218	-0.046911	-0.009705	0.020408	-0.003477	0.015548	-0.013321
0.040055	0.033745	-0.052404	-0.022600	-0.050829	-0.013674	0.002261	-0.015245	0.035828	-0.018310	-0.006477	0.011529	-0.017061	0.008102
0.011057	-0.022033	-0.061381	0.073969	0.064408	-0.021679	0.004215	0.018459	0.022819	0.022734	0.009384	-0.036292	0.086253	-0.020681
0.012586	-0.017259	0.021897	-0.006771	-0.028779	-0.051995	-0.042790	-0.070025	0.020055	0.006160	0.016062	0.030035	0.012391	0.005627
0.014578	0.021762	-0.039022	0.036302	0.025227	0.022220	0.041836	-0.028029	-0.045761	0.009531	0.043280	0.011245	-0.000925	-0.029502
0.041303	0.007545	-0.042892	-0.071686	-0.095876	-0.010074	0.032619	-0.067994	-0.015864	0.033644	0.008789	-0.013014	-0.013675	-0.031269
-0.003164	0.003077	0.040030	0.045312	0.065235	-0.001853	-0.023795	0.009786	-0.035617	-0.035465	0.009110	0.001456	-0.048173	0.009460
0.015693	0.033434	-0.035214	0.023372	0.024010	0.051071	0.010066	0.008898	-0.065926	-0.028158	0.057779	0.044004	-0.035633	0.023240
0.028190	-0.017859	-0.062072	0.038492	-0.013848	-0.019135	0.006291	-0.016541	0.129492	0.070862	0.034836	-0.001921	0.017744	0.037435
0.054529	0.021907	-0.058600	-0.045185	-0.027338	0.012265	-0.000513	0.030359	-0.057897	-0.023581	-0.052866	0.027485	-0.016465	0.001869
-0.076880	0.082258	0.007426	0.039178	-0.003292	-0.007466	-0.041554	-0.037633	-0.012560	0.025674	0.084668	-0.033184	-0.051240	-0.012695
0.003150	0.027964	-0.013386	0.041361	0.059887	0.063326	0.038905	0.023089	-0.054710	0.027498	0.103500	0.007260	-0.022039	0.007603
-0.068388	0.023893	-0.037955	-0.149391	0.088519	-0.027207	-0.019707	-0.008631	0.017816	-0.065111	0.078851	-0.032246	0.022029	0.044788
-0.075209	0.045694	-0.010472	-0.012143	-0.002991	0.010157	-0.048448	-0.024522	0.002238	0.000174	0.105086	0.036745	-0.026096	-0.008727
0.010337	0.033821	-0.035478	0.020548	-0.029699	0.046631	0.003185	0.013307	-0.018048	-0.024532	0.048817	0.000528	0.000918	0.005606
0.027220	-0.027855	-0.059855	0.049777	0.032706	0.003822	0.030312	0.006448	0.083091	0.016672	0.055738	-0.020333	0.012357	0.020695
0.033865	-0.018540	0.039302	-0.016516	-0.010997	0.028955	0.025156	-0.060853	-0.003668	0.026791	0.014035	0.008842	0.038373	-0.008499
0.027358	-0.015727	-0.042886	0.049385	0.034410	0.026272	-0.016297	0.034425	0.032435	-0.036325	0.037977	-0.009527	0.017189	-0.019316
0.006559	0.030766	-0.036765	0.035794	0.037449	0.019818	0.007882	0.002126	-0.108812	-0.065918	0.036039	0.036602	0.011988	0.002039
0.029803	-0.035955	-0.075607	-0.063495	-0.066706	-0.003263	-0.044535	0.051753	-0.113173	-0.080849	0.067516	-0.061470	0.082910	-0.052147
0.021718	-0.017960	0.007878	0.014115	0.019601	-0.017482	0.032580	-0.052651	-0.017602	-0.085240	-0.011150	-0.037482	0.086113	0.025326
0.013058	0.018073	0.049279	0.027713	0.049565	0.044023	0.011784	0.018668	-0.036111	-0.021762	-0.020985	0.024956	0.020160	-0.000959
-0.072810	-0.001189	-0.033661	-0.114163	0.034390	0.049478	-0.078581	0.015123	0.044432	-0.054187	0.074132	0.039032	0.033723	0.017881
0.032277	0.024120	-0.036598	0.022039	-0.008078	0.061475	0.015274	0.066686	0.018405	-0.016242	-0.018165	0.014958	-0.000416	0.012593
0.023818	0.000769	0.039560	0.029375	0.067191	0.058701	0.036160	0.009167	0.030273	0.011930	0.004977	-0.005559	0.032057	0.013622
0.019157	0.004776	-0.035929	0.045066	0.056440	0.029470	0.048220	0.054998	0.003024	-0.009486	0.047512	-0.006044	0.016477	0.009126
0.044907	-0.000607	-0.076921	0.004910	0.023216	0.007484	0.007069	0.031597	-0.009168	-0.022685	-0.009305	0.013654	-0.015868	0.001958
0.025968	0.018193	-0.058594	-0.025683	-0.056136	0.028056	0.037996	-0.039414	-0.046321	-0.119034	0.071574	-0.019844	-0.049630	0.018231
0.056794	0.006499	-0.066852	-0.001974	-0.002431	0.031213	0.019896	0.032096	0.040936	-0.065176	-0.014668	0.003196	0.007092	-0.013250
0.033591	0.029472	-0.031643	-0.013228	-0.033002	0.040695	-0.014748	0.034700	-0.012766	0.004563	-0.018679	0.031105	-0.040941	0.013949
0.041979	0.002974	-0.065137	0.007655	-0.005058	-0.004696	0.004707	-0.015271	0.019996	0.007061	-0.014117	0.021825	0.007571	0.007540
-0.030203	-0.164151	0.027424	0.026922	-0.036185	-0.003680	-0.005219	0.068990	-0.095702	-0.023269	0.038414	-0.032887	-0.005066	-0.014946
0.036056	-0.025355	-0.053956	0.046485	0.062965	-0.050076	0.029507	-0.026062	0.080301	0.036016	0.014781	0.011207	-0.007786	0.010798
0.008027	-0.000741	0.037877	-0.002735	-0.073251	0.007587	0.032651	0.043274	0.010332	0.026908	-0.011998	-0.005143	0.062095	-0.000728
0.023065	0.012064	0.038757	0.012386	0.008147	0.054758	0.054630	0.046468	0.035381	-0.057425	0.003485	-0.043222	0.043136	0.015448
0.009811	0.021554	-0.025380	0.039024	0.032550	0.042639	0.069889	0.032043	-0.060650	-0.002177	0.000283	-0.007625	0.008074	-0.009518
0.007065	-0.067941	0.034195	0.014592	-0.016693	-0.031750	0.003841	-0.065612	0.017300	-0.044143	0.070434	-0.039177	-0.006039	-0.060427
0.035381	0.007401	0.029032	-0.002342	0.004515	0.009862	0.020015	-0.100895	0.026799	-0.029930	0.012362	0.054163	-0.008778	0.005040
0.013826	-0.030486	0.062652	-0.018735	0.038178	-0.032334	0.006611	0.046344	-0.066222	-0.047653	-0.013533	-0.051967	0.002784	-0.042381
0.001423	0.022214	-0.029299	0.004394	-0.056896	-0.064425	0.045342	0.000275	0.037283	-0.023371	0.036872	-0.011430	0.072088	-0.011641
0.027877	0.002457	-0.054777	0.019249	-0.009286	-0.004126	0.014461	-0.020121	0.009327	-0.020361	0.061807	-0.000980	-0.017100	0.001711
0.036871	-0.010743	-0.070888	0.000740	-0.026328	-0.008374	0.009165	-0.072215	0.046766	0.059748	0.038980	-0.018341	0.019500	-0.007331
0.030719	0.009909	0.019022	-0.007393	0.037815	-0.008050	0.057693	-0.036852	-0.007169	-0.050915	-0.010554	-0.037455	-0.059282	0.048634
-0.100024	0.008727	0.007816	-0.029755	-0.098902	-0.025987	0.084782	0.027846	0.027457	-0.003890	0.033738	0.023890	0.050259	0.023055
0.021510	0.022363	0.051799	-0.030162	-0.065474	0.062304	0.016020	-0.067036	0.061407	-0.006477	0.055945	0.006234	-0.108972	-0.032184
0.015767	0.036646	-0.025321	-0.007625	-0.030799	0.024954	0.064406	0.039072	-0.017244	-0.045285	0.029226	-0.035846	-0.019122	-0.010501
0.011688	0.005268	-0.024486	0.049687	0.045316	0.031407	0.060742	0.087155	-0.026887	-0.015627	0.040126	0.028930	0.039598	-0.040648
0.017811	0.004924	0.032186	0.019402	-0.020226	0.062477	0.072962	-0.067318	0.050209	-0.090833	0.037257	-0.029195	0.017285	-0.009810
0.022735	0.024526	0.048702	-0.005113	0.006878	0.060122	0.046857	-0.051854	-0.028190	-0.020352	0.028297	0.039756	-0.004392	0.003894
0.029918	0.051812	0.054494	-0.066638	-0.041515	0.031666	0.059566	-0.075518	-0.062500	-0.008356	0.016782	0.048841	-0.088688	0.041820
-0.075183	0.006737	0.009792	0.027831	-0.067777	-0.103408	0.093984	0.057159	0.091889	-0.114215	0.060073	0.033913	0.004961	0.022873
0.047361	-0.006579	-0.072467	-0.014767	-0.012609	0.030041	0.027638	0.014668	-0.040171	-0.089707	0.009226	-0.038687	-0.004900	-0.012842
0.023437	-0.011921	-0.067666	0.035774	0.018335	-0.023204	0.034690	-0.064344	-0.003879	-0.010755	0.047256	-0.028813	-0.035329	-0.005742
0.035918	0.015500	-0.021508	0.019816	0.005231	0.079741	0.052844	0.052969	0.005121	-0.092721	0.032845	0.017549	-0.000959	0.011874
-0.007011	0.051211	0.056388	-0.014647	-0.063919	-0.026798	0.065320	0.028062	0.016116	-0.034840	0.017906	-0.006831	-0.001906	0.029784
0.053910	0.006229	-0.082675	-0.051609	-0.059662	0.008033	0.058227	-0.005069	-0.022931	-0.169062	0.004170	-0.051876	-0.008443	-0.010863
-0.030064	0.049836	-0.035609	0.072445	-0.056231	0.057118	-0.057621	-0.087778	-0.042131	-0.094283	0.085998	-0.000955	-0.007628	0.079128
0.032453	0.002737	-0.059053	-0.027985	-0.071671	-0.015649	0.075692	-0.095711	-0.003722	-0.071157	0.035959	-0.050140	-0.001474	0.040704
-0.103760	-0.038584	-0.037001	-0.100824	0.042540	0.079489	0.016101	-0.022080	0.047249	-0.016531	0.033044	-0.003624	0.070047	0.026588
-0.045398	0.027344	-0.002458	0.038313	-0.040516	-0.205316	0.154216	0.049769	-0.006942	-0.026539	0.071319	0.029617	-0.019555	-0.011847
0.030691	0.014113	0.053697	-0.018788	0.036785	0.008507	0.020889	-0.037939	0.001691	0.008979	-0.003049	0.035131	-0.047512	-0.027850
0.040090	0.016886	-0.056642	-0.023638	-0.037449	-0.019900	0.016037	-0.019205	0.016273	0.007907	-0.003096	-0.011714	-0.059198	0.006961
0.012849	0.031274	0.032326	0.013025	0.016222	-0.001217	-0.006693	-0.013134	-0.030894	-0.042727	0.014291	0.027488	-0.004558	0.013224
-0.000575	0.059901	-0.018509	0.033929	-0.035192	0.059359	-0.028593	0.012641	0.000762	-0.057963	-0.016207	-0.044417	0.056627	-0.007785
-0.030150	-0.122615	0.013427	0.054365	-0.032803	-0.011247	-0.082862	0.038635	0.007880	-0.053138	-0.020895	0.024073	0.016857	0.053748
-0.081057	0.031481	-0.014073	-0.057461	0.036239	0.000533	-0.023885	0.004585	0.026657	0.013823	-0.010485	-0.047842	0.037050	0.001448
0.010109	0.025822	-0.014524	0.026608	0.030871	0.018298	0.045739	0.065863	-0.028499	0.064856	0.017141	0.012691	0.002848	-0.039147
-0.005848	-0.029451	0.048209	0.029167	-0.000602	-0.058303	-0.016578	-0.003716	0.065862	-0.011233	0.009797	0.001040	0.001832	0.010789
0.037906	-0.042722	0.041832	-0.055815	-0.023579	0.000821	-0.092478	0.024797	-0.008699	-0.102191	-0.006415	-0.051026	-0.078102	-0.005145
0.019322	0.018174	-0.044008	0.033002	0.026783	0.018718	0.019025	0.023951	-0.049709	0.000695	0.038552	0.022458	0.017777	-0.002940
0.044038	0.006753	-0.023862	0.019490	0.012831	0.060764	0.005517	0.081533	0.087326	-0.008830	0.008316	-0.009783	-0.015337	0.031946
0.032287	0.024332	-0.059653	0.000058	-0.001735	-0.014174	-0.018565	0.032625	-0.047355	-0.051756	-0.028922	0.020230	0.010767	-0.013064
0.036848	-0.016759	0.031279	0.003221	0.050146	0.079124	-0.018283	0.026645	0.070959	-0.014020	0.006084	-0.056351	0.027097	-0.003410
0.024980	-0.041600	0.055512	-0.011527	-0.003576	0.026378	-0.008988	-0.001584	0.040588	0.044030	0.047004	-0.019636	0.046526	-0.000087
0.019716	0.009280	-0.064701	0.030449	-0.015750	0.016667	-0.040485	-0.049139	-0.005167	0.058991	0.039733	-0.001794	-0.037248	0.002002
0.039509	0.007011	-0.071024	-0.003513	-0.011688	-0.011578	-0.022571	0.032982	-0.005117	-0.030633	-0.032347	-0.011952	-0.005300	0.001677
0.042296	0.016362	-0.047256	-0.032061	-0.027727	0.017839	0.011299	0.001546	-0.002450	0.065096	-0.013172	0.001975	-0.053931	-0.008325
-0.081664	0.040923	-0.012983	-0.008709	0.046943	0.004227	-0.022794	-0.033551	-0.023033	0.029866	0.035754	-0.061317	-0.031861	0.006494
0.026610	-0.005882	0.051822	0.024634	0.088810	-0.002117	0.047275	-0.058473	-0.043010	-0.024492	-0.033448	0.057002	0.008312	0.017220
0.036025	0.004671	0.047216	-0.005718	0.009756	0.009041	0.006157	0.003595	0.010397	-0.002341	-0.044871	0.031687	0.034300	0.014031
-0.013965	0.025940	0.068160	0.003341	-0.008472	-0.091092	0.014493	0.090879	0.009325	-0.019092	0.008936	0.031377	-0.050300	-0.059868
0.038007	-0.004609	0.018602	0.012085	0.074952	-0.015951	-0.000346	-0.042149	0.036931	-0.033719	-0.011334	0.028905	-0.028311	0.000128
-0.098055	0.011285	-0.028348	0.132335	-0.016331	0.013491	-0.005879	-0.116141	0.087524	-0.063157	-0.136325	-0.064613	0.044929	-0.306821
0.006206	-0.066561	0.040059	-0.032801	-0.046653	-0.082751	-0.048639	-0.002520	-0.014597	-0.025203	0.011039	0.005499	0.002895	-0.010592
-0.045329	0.028031	-0.051589	-0.200900	0.125784	-0.002810	-0.052846	-0.017370	0.021795	-0.124771	0.056947	-0.012336	-0.046974	-0.126731
0.006955	0.024587	0.037996	0.020191	-0.026129	0.047030	-0.007443	0.008054	0.010329	-0.085603	-0.044937	-0.026952	0.078630	0.002892
0.051059	0.010875	-0.052968	-0.026381	-0.065464	0.004579	0.021591	0.003906	0.051050	0.004609	-0.000407	-0.016123	0.012589	-0.014147
0.023966	-0.003214	0.017380	0.012734	-0.006220	0.052515	0.044018	-0.007953	0.032750	-0.111543	0.017544	-0.014462	0.049725	0.005094
0.024686	0.004105	0.029034	0.015362	0.020834	0.023242	-0.002880	-0.027671	0.022466	-0.032892	-0.028685	0.002443	0.061479	-0.007446
-0.093793	-0.058753	-0.051342	-0.057226	0.076154	0.144008	0.018238	-0.028621	-0.063877	0.048411	-0.083108	-0.125715	0.035937	-0.064846
-0.067340	-0.031346	-0.003209	0.049857	0.037722	0.063100	0.037832	0.068077	0.000916	0.048781	-0.073533	0.019031	0.009187	-0.031021
-0.032363	0.004175	0.031569	0.055063	0.011097	-0.062429	0.061071	0.044239	-0.009454	-0.006032	0.024632	-0.069533	-0.054164	0.004527
0.043486	-0.022879	-0.073249	0.011156	0.030703	0.010605	0.006534	0.010173	0.031252	-0.034264	0.002053	-0.033785	-0.023418	-0.010244
0.033344	-0.018378	0.033348	0.012142	0.022743	-0.017053	0.009469	-0.026530	0.059774	-0.073931	-0.057952	-0.010674	0.006765	0.017829
-0.026274	-0.147757	0.054697	0.027662	-0.012529	0.024094	-0.038105	0.051853	-0.061767	-0.013988	0.044133	-0.044220	-0.112058	0.018492
-0.102434	-0.196975	-0.022192	0.173498	-0.108765	0.051002	0.080718	-0.050411	0.003770	-0.038297	-0.211302	0.078216	-0.154221	-0.300044
0.002593	0.019500	0.049861	0.004034	-0.021606	0.001603	0.052051	-0.007366	-0.021176	0.009467	0.043634	0.009517	-0.011380	0.013425
0.027604	-0.064770	-0.083402	0.061544	0.058716	-0.024439	0.039806	0.003305	0.025524	0.045604	0.020860	-0.060321	-0.046862	-0.064536
0.012532	0.047758	-0.012828	-0.014189	0.013010	-0.038664	0.013589	0.084615	-0.093876	-0.024096	-0.024140	0.033585	-0.018609	-0.023054
0.028096	-0.013072	0.041048	-0.006716	-0.025926	0.005008	0.004202	-0.020156	0.060769	0.014500	-0.011840	-0.011944	-0.012036	0.020106
-0.028441	0.069918	-0.013828	0.026826	-0.078923	-0.009905	-0.015519	-0.016745	-0.001185	-0.011352	-0.040403	-0.022065	0.035521	0.027989
0.007465	0.017613	-0.028680	0.049767	0.032392	0.016632	0.061185	0.037501	-0.028610	0.019472	0.042001	-0.015085	-0.027299	0.013542
0.025121	-0.014090	0.062918	0.006941	0.018125	0.059938	-0.020866	0.037624	0.066839	0.035987	-0.001623	-0.021749	-0.020847	-0.015655
0.033471	-0.027081	0.047495	-0.021309	-0.002166	0.029986	0.019471	-0.053954	0.068230	-0.033689	0.026206	-0.040151	-0.010415	0.008459
0.026627	0.017255	-0.027897	0.017822	0.014666	0.051113	0.069461	0.043099	-0.008680	-0.058456	0.053679	-0.003070	-0.018218	-0.011017
0.006293	-0.017670	0.043499	-0.004061	-0.019396	0.034593	0.000373	0.093825	0.048565	0.038805	0.040375	-0.064907	0.036433	-0.012149
0.012068	-0.006220	-0.033542	0.044614	-0.006394	0.064867	0.067551	0.032455	0.028562	-0.047051	0.092146	-0.027651	0.005355	-0.015326
0.011823	-0.005086	0.037297	-0.004258	-0.014476	0.013704	0.100988	-0.045928	-0.032353	-0.092089	0.017207	0.016267	0.037749	0.036194
0.045213	0.008470	0.041529	-0.040033	-0.034896	0.042965	0.026500	-0.094208	0.025810	-0.056284	0.009850	0.035060	-0.074371	0.054428
-0.014329	-0.176935	0.019929	-0.001879	-0.067405	0.008538	-0.013330	-0.004450	-0.046700	-0.039585	0.192824	-0.136237	0.057645	0.081871
0.029224	-0.011655	-0.023495	0.014949	-0.014273	0.045713	0.045204	-0.000450	0.048777	0.048641	0.043630	-0.017778	-0.039422	-0.025664
0.029831	0.020611	-0.025666	-0.008238	-0.038531	0.045716	0.034311	0.069632	0.016479	-0.073406	0.023817	-0.021266	-0.010835	-0.019497
-0.071941	0.077468	-0.004781	0.018629	-0.010557	-0.032419	-0.034358	-0.023902	-0.038326	0.025102	0.050955	-0.003073	-0.042272	0.021447
0.037306	-0.021075	-0.070719	0.058458	0.009190	0.001694	0.022847	0.006831	0.092850	-0.054226	0.045252	-0.002488	0.018085	0.008318
-0.010394	-0.015156	0.050928	0.043759	0.030093	-0.017395	-0.045634	-0.017915	-0.030652	-0.027373	0.013997	0.017972	-0.076915	-0.022928
0.031749	-0.003373	-0.033633	0.030351	0.008552	0.095105	0.025531	0.057754	0.085450	-0.009706	0.086861	-0.009136	-0.037827	-0.063789
0.062274	0.009381	-0.055606	-0.034185	-0.031065	0.041025	0.005479	0.040580	-0.029374	-0.053440	-0.045508	0.003838	-0.006924	-0.002584
0.025032	-0.002442	0.039506	0.015605	0.017949	-0.018803	-0.013490	-0.039854	0.053503	-0.000021	-0.016098	0.021468	-0.007067	-0.026031
-0.007548	-0.030809	0.031698	0.025651	0.025714	-0.073988	0.054652	-0.013269	-0.001254	0.012166	0.044928	0.024082	0.027993	-0.001279
0.015147	-0.023971	0.017784	0.074977	0.070298	-0.020091	0.026948	-0.072765	0.095265	-0.073900	0.030403	0.021070	-0.055198	-0.020612
0.015909	0.003735	0.047180	0.011438	0.056802	0.029410	0.038810	-0.007747	-0.037569	-0.022090	-0.013745	0.026639	0.042798	-0.017389
-0.075054	0.071012	0.005456	0.077230	0.008152	-0.048289	-0.016215	0.014762	0.094618	0.017023	0.017571	0.008384	-0.000831	0.040316
0.008713	0.006458	-0.034259	0.041938	0.038854	0.002234	0.056119	-0.001006	-0.038331	0.040239	0.010175	0.000811	0.001173	0.016408
0.034884	-0.040756	-0.051168	0.041467	0.004636	-0.003943	0.016938	-0.018535	0.116000	0.062188	0.042347	-0.035604	-0.060754	0.043609
-0.080860	0.044143	-0.022878	-0.007870	0.071487	-0.024958	-0.010549	-0.031473	0.034317	0.001572	-0.062420	-0.069178	0.013305	0.012890
0.006533	0.038056	-0.015303	0.036794	-0.001126	0.069214	0.000310	0.031664	-0.024968	0.007345	0.040544	0.040664	-0.038062	0.015128
0.010574	-0.002479	0.047078	0.022377	0.077707	-0.020621	0.037203	-0.045365	-0.033188	-0.055288	-0.022956	-0.002894	-0.062251	0.017369
0.026303	-0.003324	0.055745	-0.024005	-0.037562	0.036996	0.015885	-0.082380	0.026948	0.008374	0.018773	-0.002106	-0.059650	0.005275
0.014504	-0.071754	-0.080200	0.078397	0.060170	-0.109551	0.018291	-0.033727	0.107993	0.051727	-0.004291	0.031462	-0.074295	0.008409
0.047018	-0.013994	0.040519	-0.012923	0.048911	-0.026499	-0.025609	-0.072129	0.067009	-0.021996	-0.022355	0.065130	-0.050966	0.032651
0.035274	-0.039249	-0.051007	0.022524	0.016025	-0.008989	0.079160	-0.052711	0.036418	0.012139	0.053190	-0.001117	-0.043602	0.007991
-0.083410	-0.043776	-0.034428	-0.100468	0.055910	0.069955	-0.021059	0.007084	-0.015124	-0.021050	0.029067	0.058317	-0.031515	-0.005655
0.015609	0.012167	-0.044591	0.047174	0.032766	0.039114	0.040090	0.023000	-0.042626	-0.045062	-0.000453	0.000602	0.022165	-0.006246
0.012559	-0.038760	0.030458	0.024942	0.075698	-0.042795	0.022551	-0.054791	-0.011977	-0.012517	0.023633	-0.022313	0.027088	-0.003249
-0.004692	-0.007959	0.039700	0.027890	0.020019	-0.033211	0.014902	-0.005432	0.009032	0.053032	0.004635	0.012254	-0.011288	-0.009097
0.014054	-0.007255	0.042460	0.012756	-0.025913	0.021663	-0.070587	-0.017016	0.026978	-0.063916	-0.047855	-0.024172	-0.007594	-0.012540
0.003772	-0.013730	0.051551	0.020070	-0.056136	0.058278	-0.013232	0.045713	0.067376	0.021260	0.012238	-0.035626	0.047991	-0.004487
0.039192	0.019815	0.053120	-0.041926	-0.031056	0.045573	0.013956	-0.040580	0.038867	0.024636	-0.021980	0.026628	-0.065540	-0.053720
0.025905	-0.046412	0.052637	-0.034431	-0.045203	0.023370	0.007108	-0.107645	0.007827	0.001247	0.022529	-0.055772	0.024226	-0.019641
0.027034	-0.005137	0.031089	-0.011570	0.069938	-0.008067	0.033821	-0.039169	-0.102778	-0.037907	-0.037222	0.005737	0.042630	-0.018242
0.022569	-0.018182	0.044961	-0.012695	-0.022520	0.008789	-0.028731	0.055192	0.015443	-0.035295	-0.041288	-0.057680	0.045024	-0.008884
