-0.017889	0.009306	0.024498	0.058343	-0.000961	0.024156	-0.024870	0.070521	0.031295	-0.130048	-0.013923	-0.060315	0.021623	0.017676	0.029430	0.007667	-0.048720	0.045727	-0.089002	0.038870
-0.135352	0.044613	-0.081802	-0.001805	-0.145796	-0.113968	0.010843	0.058301	-0.030857	-0.076119	0.124388	-0.112239	0.011314	-0.019829	-0.022832	0.018016	-0.048458	0.068729	-0.088335	-0.070498
-0.043977	-0.045221	0.042159	0.013136	-0.066129	0.016326	0.008341	0.055381	-0.010186	-0.074740	0.000206	0.008400	-0.004670	-0.022238	0.095647	-0.009173	0.059624	-0.059830	-0.107853	-0.005166
0.002163	0.075979	0.063289	0.016590	0.031685	0.055109	-0.076398	0.053834	-0.013245	-0.029297	0.062868	-0.028440	-0.040470	0.043182	-0.003389	-0.052986	0.020390	0.011190	0.006310	0.108388
0.036395	0.017840	0.070235	-0.032447	-0.022869	-0.085312	-0.148519	0.010613	0.006489	-0.019450	0.013210	0.033131	-0.062863	0.051445	-0.038044	0.024933	0.030347	-0.051861	0.029650	-0.040357
-0.101071	0.024036	-0.175917	0.086649	0.075074	-0.013151	0.052006	0.030210	0.083576	-0.018410	-0.029308	-0.002415	-0.014557	-0.064992	0.134018	-0.090560	0.013534	0.015875	0.103017	-0.270167
0.053559	0.049226	-0.061721	-0.012193	-0.020985	0.085457	0.063871	0.034518	0.015936	-0.031493	0.041160	0.085950	0.052139	-0.071206	-0.059498	-0.002010	-0.128765	0.137388	-0.010869	-0.014961
0.027743	0.057720	0.066246	0.023269	0.019228	-0.017428	0.023735	0.049965	0.022144	-0.009444	0.017590	-0.041535	-0.011681	-0.037738	-0.002274	-0.006092	0.000235	0.017129	0.001786	-0.001878
0.030300	-0.041419	-0.011638	0.062346	0.075993	-0.044333	0.005330	-0.015493	0.054761	-0.119948	0.024862	-0.027208	0.035808	-0.064151	0.030419	0.015249	0.036664	-0.021692	0.061356	0.009359
0.040333	0.063630	0.040501	0.027520	0.025300	0.011852	0.026123	0.026471	-0.027004	0.001572	0.020313	0.022855	-0.002941	-0.046039	-0.017951	-0.025965	-0.012156	0.017969	0.011766	0.011646
0.063516	0.087857	0.044289	-0.052904	-0.054706	-0.032537	0.069246	-0.004089	0.028578	0.041609	0.018843	0.010431	0.026676	-0.042107	0.014881	-0.018159	-0.033481	0.059987	0.003213	0.021389
0.076889	-0.017401	-0.075785	0.071773	0.013947	0.099376	-0.026762	0.015884	0.058607	-0.009815	0.049468	0.013716	-0.003973	-0.015558	-0.055941	0.014516	-0.103497	0.070844	0.018607	0.039971
-0.016620	0.004725	0.023461	0.011817	0.027431	0.104665	-0.021667	0.080630	0.000035	-0.066304	0.033916	0.036714	0.001404	0.012024	0.037580	-0.033793	-0.055637	0.044353	0.030016	0.000981
0.021270	0.097474	0.032998	-0.011986	0.042923	0.001477	0.081087	0.038593	0.017957	-0.025069	-0.012933	0.029507	-0.007162	-0.034660	0.003373	0.016726	0.015837	-0.007190	0.012695	-0.009919
-0.029317	0.094252	-0.029643	0.076793	0.029827	-0.023889	0.016377	0.000475	0.011786	0.018222	0.033318	0.046846	-0.000407	-0.031143	0.016497	-0.018820	-0.017508	-0.001530	0.009267	-0.087683
-0.101784	0.067791	-0.101355	0.063544	-0.048400	-0.062749	0.015743	-0.017230	-0.013202	-0.014088	0.127113	-0.017306	-0.003323	-0.063828	0.071827	-0.049392	0.010368	-0.020989	0.026876	-0.003138
0.023153	0.013009	-0.029583	-0.102190	-0.032036	0.063563	0.006983	0.079671	-0.029964	0.066773	0.075571	0.075716	0.109331	-0.061363	-0.031831	0.024355	-0.152165	0.119759	-0.012616	0.015208
-0.003243	0.033172	0.044986	0.040553	0.042910	0.017339	-0.067784	0.003381	-0.000816	-0.093939	0.059016	0.033942	-0.012870	0.052747	0.045261	-0.053887	-0.013989	0.022633	-0.062390	0.023687
0.060365	0.071421	0.060466	0.013382	-0.038463	-0.032166	0.030948	-0.003134	0.014388	0.038513	0.025028	0.015869	0.007702	-0.045256	0.032293	-0.010581	-0.015917	0.016949	0.003667	0.032882
-0.041477	0.040614	0.012099	0.051258	0.039514	0.055481	-0.043696	0.010296	-0.023031	-0.062037	0.007555	0.074251	0.008692	0.016688	0.052201	0.002289	-0.014683	0.011283	-0.036856	0.011661
-0.025839	0.107000	-0.020159	0.049079	-0.005548	-0.026616	0.020108	0.031175	0.024232	0.010256	-0.000414	0.003573	-0.019733	0.010782	0.007528	-0.009407	0.035979	-0.035105	-0.001646	0.006516
0.064259	-0.069325	-0.088449	0.021463	0.086237	-0.019750	0.067803	0.049540	0.000782	0.081893	0.071892	-0.030198	0.097940	-0.015805	0.021137	0.075516	-0.029438	0.062541	-0.142323	-0.056459
-0.068467	-0.075375	0.095048	0.016265	-0.048776	-0.007204	0.012325	0.045979	0.004431	0.010203	0.039056	-0.005680	-0.081520	-0.020927	-0.023958	-0.097055	0.004319	0.018165	-0.049639	0.039183
-0.041785	-0.038443	0.071899	0.033569	-0.013346	0.069484	-0.034463	0.081256	0.053865	-0.015285	-0.058323	0.075824	-0.021871	0.082048	-0.005795	-0.046565	-0.000902	0.023384	-0.052324	0.006511
0.014791	-0.063805	-0.095426	-0.038328	0.085773	-0.074692	0.076783	0.016071	-0.031655	0.065489	0.106727	-0.084702	0.061711	-0.094165	0.075933	0.147032	-0.025790	0.092110	-0.166095	-0.076477
0.088465	0.011497	-0.019805	0.080453	-0.032758	0.028486	-0.075195	0.000762	-0.030828	-0.007042	0.041000	0.012749	-0.021890	0.019821	-0.066646	0.001871	-0.008559	0.005590	0.041555	-0.008805
0.021169	-0.074847	0.064293	0.051107	0.054948	-0.081639	0.023023	0.021608	0.034628	-0.001380	0.051683	-0.081997	-0.065097	-0.018871	-0.009610	0.017904	0.101498	-0.113068	-0.038055	0.016756
0.041009	-0.014014	0.025127	-0.089290	-0.119196	-0.138409	-0.029157	-0.062555	0.087695	-0.021201	0.028469	-0.036584	-0.046248	-0.063296	0.109101	0.025833	-0.145497	0.104267	-0.022949	-0.005310
0.084823	0.025791	-0.079916	0.008488	-0.080068	0.013505	0.086132	0.041836	-0.172524	-0.018041	-0.019138	-0.035114	-0.179712	0.005098	0.094883	-0.001413	0.067458	-0.050387	-0.010316	-0.015117
-0.084074	-0.013774	0.022899	-0.035808	-0.066714	0.100222	0.009259	0.072209	-0.033287	-0.029015	0.034924	0.007362	-0.048720	-0.035666	0.112452	0.035194	-0.100056	0.111284	-0.052061	0.076233
0.110340	-0.014648	-0.043427	0.087866	-0.034585	0.006428	0.074726	0.022223	0.047369	0.023707	-0.043333	0.051888	-0.008035	0.014961	-0.012535	-0.031427	0.033164	-0.014637	-0.026580	0.005340
0.030282	0.086784	0.054660	-0.023738	0.027147	0.038192	0.122066	0.074159	0.034719	0.027104	-0.012558	0.010346	0.011240	-0.009563	-0.018356	-0.028423	0.027784	-0.012519	-0.017838	-0.031466
-0.077161	0.021580	0.005118	0.066968	-0.062477	-0.087197	-0.014964	-0.028734	-0.049750	-0.052228	0.122413	0.026453	-0.028824	0.017563	-0.014396	0.017232	-0.065558	0.036361	-0.028706	-0.087243
0.011489	0.019006	0.052080	-0.126818	0.052825	-0.053911	0.058799	0.052325	-0.036213	0.024820	0.028502	-0.009323	0.009169	-0.001498	-0.051541	-0.035660	0.062554	-0.066479	0.007560	-0.021984
0.037580	0.063354	0.064876	0.002463	-0.020621	-0.027533	-0.098130	-0.059523	0.005763	0.003639	0.035156	0.023168	-0.020278	0.010258	0.034791	-0.003134	-0.015176	0.008691	0.015456	0.038366
0.036084	0.027796	-0.005997	0.003468	0.063179	0.030500	0.050804	0.000145	0.088548	0.004330	-0.078232	0.052292	0.039188	-0.020026	0.063821	0.023642	-0.004211	-0.026382	-0.028672	0.018196
0.055639	-0.082853	-0.115534	-0.018794	-0.012239	0.064737	-0.033486	-0.056104	-0.028627	0.015675	0.182367	-0.024431	-0.069466	-0.035922	-0.057091	0.046462	-0.003476	-0.016455	0.069755	-0.007011
-0.114247	-0.023543	-0.004412	0.007853	0.010981	0.069736	0.005140	0.028228	0.000619	-0.048307	-0.106229	0.106983	-0.058395	0.066348	0.121665	-0.011680	-0.103615	0.138999	-0.077760	-0.020854
0.033079	0.038105	0.042314	0.013274	0.064010	0.017963	0.002982	-0.019227	0.006223	0.025694	-0.003112	0.014405	0.017608	-0.004422	0.000246	-0.007191	0.041834	-0.055629	0.001379	0.010730
-0.058404	0.060831	0.022166	-0.007292	0.000521	0.107360	-0.041957	0.006922	-0.036779	-0.015661	-0.008816	0.081315	-0.027558	0.042427	0.061684	0.023594	-0.004533	0.026319	0.026736	-0.018108
-0.029033	-0.021226	0.049052	0.041331	0.007501	0.005153	-0.012335	-0.062688	0.010156	-0.026462	0.061844	-0.006575	0.022700	-0.088596	0.095071	0.019546	0.001777	-0.062130	0.001838	0.046412
-0.025680	-0.048251	0.033463	-0.016174	0.044005	-0.096614	0.003270	-0.018314	0.093855	-0.041926	-0.032479	0.058064	-0.038531	-0.027918	-0.051169	0.001695	0.007751	-0.001858	0.087930	-0.027516
0.027067	-0.032847	-0.051039	-0.057164	0.002839	-0.040880	0.039519	-0.092853	0.040757	-0.100117	-0.018351	0.035272	0.026591	-0.091194	0.025051	0.097905	0.149470	0.006043	0.150128	-0.062447
0.071686	0.048183	0.023759	0.022182	-0.038371	-0.011103	-0.007231	-0.047907	0.023328	0.010194	0.043963	0.038771	-0.001915	-0.000327	0.017039	-0.009086	-0.025461	0.023677	0.028001	-0.011385
0.135051	-0.030955	-0.069690	0.114990	-0.100888	-0.018900	0.145650	0.041321	-0.127585	-0.083812	-0.064460	-0.059332	-0.257399	-0.006108	0.043347	-0.058259	0.024076	-0.033909	0.150239	0.031321
-0.028789	0.055173	0.050759	0.017763	-0.011265	-0.066120	-0.081552	-0.025831	-0.010992	0.004047	0.013745	-0.011493	-0.035690	0.004456	0.020369	0.045053	-0.027893	0.046826	0.006541	-0.010558
0.026224	0.009127	0.056450	-0.006955	0.036211	-0.042128	0.119352	0.000045	0.061893	0.034860	-0.007349	-0.034420	0.004979	-0.071810	0.012511	0.053354	0.048057	-0.034414	0.000110	-0.055232
-0.021263	-0.079910	0.079661	0.112119	0.043440	0.026204	-0.020668	-0.032290	-0.007865	-0.034177	0.026228	0.020890	0.019266	0.020215	0.048873	-0.025969	0.027397	-0.053457	-0.000279	0.096823
-0.009547	0.003034	0.006521	-0.051142	0.057932	0.091000	0.026437	-0.000607	0.026923	0.025688	0.034982	-0.011978	0.008271	-0.058240	0.009963	-0.031053	-0.031175	-0.051992	-0.012091	-0.021575
-0.037437	0.065196	0.026886	0.025673	0.051987	0.049748	-0.061099	-0.011787	-0.040476	-0.111250	-0.018971	0.035823	-0.017104	0.022292	0.068970	-0.025923	-0.020561	0.023181	-0.013198	0.035624
0.074327	0.087285	0.061065	-0.015944	-0.025922	-0.023700	0.096387	-0.000780	0.008488	0.040264	-0.007502	0.023477	0.018002	-0.027741	-0.001308	0.002052	-0.025487	0.014996	-0.007889	0.007949
0.059540	0.086929	0.021619	-0.031065	-0.052797	0.006958	0.091080	0.013856	0.006979	0.055072	0.007957	0.041375	0.044953	-0.090483	0.030719	0.001487	-0.027715	0.027572	-0.014571	0.031890
-0.085551	0.106758	-0.045811	0.038454	-0.023612	-0.039877	-0.019035	0.004388	0.001769	0.011582	-0.013619	0.035573	-0.000938	0.068965	-0.060683	-0.020129	0.023059	-0.032556	0.002337	-0.075090
0.009034	0.014257	0.080532	-0.035622	0.006271	0.000255	0.098945	-0.001473	0.041748	0.039444	0.043504	-0.035882	0.006037	-0.052886	0.023115	-0.028358	0.025719	-0.027466	-0.017111	0.031836
-0.024711	-0.138346	-0.000667	0.144790	0.032019	0.037201	0.055058	-0.038391	-0.040415	-0.119996	0.089274	-0.048326	0.116813	-0.110520	0.057195	-0.064663	0.018924	-0.086137	-0.000874	0.008646
0.007438	0.000543	0.040763	0.001801	0.066152	-0.008253	0.037038	-0.034799	0.060420	-0.016725	0.005071	-0.031512	0.001181	-0.053466	0.024795	-0.012055	0.056030	-0.024272	-0.010992	0.000497
0.049254	0.115962	0.069893	-0.022193	0.024775	-0.014482	0.134489	0.009915	0.008194	0.042372	-0.010775	-0.000496	0.019328	-0.043403	0.005346	0.007600	-0.011008	0.016836	0.001202	-0.036584
-0.112862	-0.049231	-0.014907	0.015282	0.016665	0.168798	0.008918	0.052516	0.031313	0.008852	-0.148121	0.120279	0.008275	0.035353	0.094502	-0.084037	0.050880	-0.042424	0.037695	-0.044185
0.065022	-0.031856	-0.112079	-0.043100	0.070132	0.048910	0.005758	-0.006473	-0.012409	0.048818	0.028157	0.030352	-0.103683	0.079510	-0.024349	0.121606	0.019128	0.019333	-0.039394	-0.047088
0.002650	0.043739	0.059705	-0.006500	0.034816	0.036492	0.157613	0.043830	0.001848	0.025507	0.021042	-0.002882	0.012143	-0.058480	-0.000928	-0.035824	-0.014360	0.008150	0.036340	-0.010309
-0.074524	0.067342	-0.052679	0.071033	0.007632	-0.026368	-0.036210	0.001167	-0.006265	-0.016584	0.037431	0.060222	-0.032567	0.014986	0.010843	-0.017729	0.024956	-0.025326	0.023018	-0.036400
-0.028350	0.021219	0.041179	0.041998	0.058389	0.069924	-0.010387	0.041488	0.004696	-0.080706	0.043563	0.064052	0.005474	0.085087	0.039580	-0.039411	-0.010489	0.022866	-0.047309	0.040532
0.038747	0.080848	0.066865	-0.011526	0.042980	-0.018342	0.158417	0.028777	0.025510	0.042998	0.015928	-0.006476	0.023189	-0.073675	0.019796	0.020255	0.016396	-0.012634	0.004267	0.003419
-0.007627	-0.041223	-0.092410	-0.193550	0.087943	0.014940	-0.020900	0.042019	0.106480	0.083282	-0.009514	0.032149	-0.092514	-0.042540	0.061800	0.118318	0.007784	-0.040007	-0.134435	-0.042949
0.024855	-0.008091	0.004657	0.036977	-0.008361	-0.018871	-0.073285	-0.113651	0.046428	0.018253	0.053780	-0.007024	0.023484	-0.058788	0.087232	-0.005713	-0.030703	0.018707	0.042945	-0.019964
0.069583	-0.024734	-0.100402	0.032803	0.011941	0.078755	0.014336	0.003180	-0.036225	0.024254	0.027474	0.059222	-0.065578	0.004529	-0.016950	-0.014169	0.016101	-0.008031	0.003798	0.084881
0.053709	-0.032692	-0.091384	0.022393	-0.024858	0.139062	-0.038374	-0.008087	0.043857	0.025792	0.082484	0.075386	0.045310	-0.041756	-0.081472	0.039651	-0.048203	0.082623	0.096368	-0.013188
-0.099019	-0.139182	0.095597	0.112610	-0.112393	-0.012115	0.020705	0.071332	-0.019272	0.186692	-0.026743	0.182197	-0.057801	-0.025495	0.096817	0.274074	-0.045288	-0.008006	0.112184	0.017620
-0.002900	0.052301	0.058048	-0.023567	0.041459	0.044640	-0.066806	0.025848	-0.012259	-0.039657	0.072869	-0.011642	-0.024138	0.058752	0.005260	-0.030770	0.028981	0.004397	-0.001272	0.005317
-0.144838	0.105466	-0.130092	0.010535	-0.055417	-0.051269	-0.056296	0.030268	0.010203	0.025267	0.014220	0.013968	0.004597	0.066256	-0.014981	0.022532	0.076980	-0.084391	0.012211	0.010626
0.048144	0.055418	0.022356	0.014168	0.026941	0.004629	0.016884	-0.028937	0.003798	0.013342	0.000606	0.027172	0.015369	-0.026170	0.015479	0.000712	0.005747	0.008109	0.005793	-0.006026
-0.082457	-0.068849	0.101701	0.113684	-0.063532	0.015220	0.031141	0.055880	-0.033133	0.054814	0.000684	0.125164	-0.025924	0.043435	0.013916	0.040338	0.022606	0.012988	-0.002679	-0.019486
0.014534	0.083246	0.047518	-0.022988	0.048942	0.023962	0.067343	0.018842	-0.003503	0.042745	0.031085	-0.004928	0.012689	-0.086459	0.002329	-0.012164	-0.000552	0.014568	0.018121	-0.010919
-0.104709	0.036276	-0.137310	0.115387	0.059639	-0.037775	0.043693	0.017471	0.047635	-0.004039	0.021907	0.016847	-0.017475	0.019866	0.094307	-0.127473	0.046171	-0.025465	0.046653	-0.052936
0.009773	0.087647	0.015189	-0.023867	0.040514	0.012371	-0.023243	-0.034680	-0.019109	-0.038984	0.042806	0.060071	0.032554	-0.030629	0.024352	0.041458	-0.035978	0.022437	0.025233	0.003078
0.066150	-0.078328	-0.133328	0.046464	0.081266	-0.026921	0.062673	0.053872	-0.235647	0.061885	0.050115	0.042871	0.274605	-0.011085	0.093827	-0.122972	-0.066070	0.133430	-0.154164	0.025970
-0.026104	-0.078220	0.000288	-0.046361	0.064530	0.013139	0.031957	0.012839	0.077989	0.001627	0.059499	0.010181	-0.022782	-0.046713	-0.018917	-0.015844	0.057052	-0.049234	-0.054032	-0.032453
-0.041694	-0.006219	-0.012680	-0.149428	0.023510	0.122154	-0.030185	0.070155	0.044482	0.066992	0.012249	0.114728	-0.019302	-0.018882	-0.053504	-0.083088	0.010104	-0.026944	-0.130064	-0.045873
-0.000561	0.004232	0.058793	-0.077789	0.012515	0.041043	0.038081	0.052179	0.035137	0.090406	0.068993	-0.019149	-0.049878	-0.046314	-0.026666	0.027141	-0.001933	-0.026029	0.002215	0.061791
-0.011032	0.039309	0.004704	-0.128186	-0.004290	0.035811	-0.042634	0.010416	0.024145	-0.001996	0.043878	0.043592	-0.024285	-0.041949	-0.022326	-0.031932	-0.026150	0.000754	0.002814	0.014305
-0.101976	0.076793	-0.081434	0.055084	-0.050205	-0.079944	0.044853	0.003650	-0.004342	0.036630	0.079678	0.001906	-0.010293	-0.017389	-0.018021	-0.013999	0.039319	-0.044228	-0.034592	-0.126186
0.074037	-0.045869	-0.018144	-0.007330	-0.129220	-0.044236	0.051813	-0.043154	-0.012433	-0.026602	-0.018590	0.085247	0.128435	-0.107447	0.061977	0.026027	0.092715	-0.040216	0.068348	-0.013319
0.036686	0.029928	-0.051353	-0.012305	0.079494	0.069777	-0.067699	-0.018603	-0.010179	-0.018447	0.027268	0.075181	0.016336	0.010988	-0.022157	0.043199	-0.009598	-0.019078	0.013656	-0.005942
0.038577	0.131239	0.043418	0.011165	0.039757	0.028793	-0.084227	-0.011871	-0.032827	-0.009167	0.026153	0.030876	0.004286	0.025807	0.035452	-0.021150	0.009311	0.007099	-0.008551	-0.005294
-0.019972	-0.059056	0.012440	-0.056552	0.035403	0.063504	0.028665	0.059094	0.008584	0.073887	0.146461	-0.014714	0.017416	-0.055473	-0.077888	0.060297	0.029029	-0.033007	-0.074925	-0.024334
0.054680	-0.027760	0.013986	-0.067062	0.022078	-0.088392	-0.044997	-0.025850	-0.115463	0.129060	0.015753	-0.040730	0.010716	0.070615	0.076282	-0.022953	0.015585	-0.042465	-0.044755	0.056768
0.034208	0.102729	0.046506	-0.024365	0.047917	0.016475	0.149084	0.052451	0.008408	0.030845	0.006815	0.000940	0.028586	-0.057320	0.013568	-0.018812	0.025323	-0.007290	0.013357	0.024455
0.078806	-0.030307	-0.069684	-0.059638	0.052867	-0.058847	-0.069423	0.114023	-0.071111	0.233351	-0.089630	-0.021987	-0.105822	0.047173	0.238234	-0.420099	-0.044458	0.016958	0.242174	-0.037031
0.013496	-0.021848	0.053850	0.016911	0.112002	-0.095660	-0.046605	0.053971	0.084448	0.067404	0.014118	-0.049114	-0.163243	0.109406	-0.008533	0.112297	0.028802	-0.037050	-0.069661	0.014743
0.015664	0.076556	0.063393	-0.028794	0.049758	0.009827	0.090748	-0.085528	0.004725	0.052955	-0.044095	-0.068176	0.015836	0.027276	-0.021796	0.006058	0.002419	0.001020	0.006674	-0.004549
0.061897	0.103689	0.047945	-0.006017	0.031830	0.016990	0.142197	-0.067385	-0.002739	0.070689	-0.051676	-0.057793	0.040131	0.028256	-0.034233	0.026979	-0.033107	0.029048	0.010604	-0.012494
-0.061612	0.055041	-0.004056	0.026659	0.048905	-0.046610	0.084368	-0.055239	-0.071963	-0.007133	-0.055611	0.040090	0.015554	0.072880	-0.082058	0.035068	-0.121284	0.072329	-0.043486	-0.078506
0.044065	0.102114	0.060106	-0.000157	0.030431	0.002830	0.065929	-0.049111	-0.000923	0.021855	-0.008491	0.002480	0.004888	0.019916	-0.002821	0.011838	-0.008381	0.010359	-0.000125	0.029372
0.100894	-0.016911	-0.174054	-0.016398	-0.086858	0.055935	0.148597	-0.072644	-0.152188	-0.121295	-0.047532	-0.061066	-0.288494	0.030542	0.016488	0.004121	-0.141077	0.118310	0.089416	-0.035386
0.017068	0.082232	0.043986	0.012296	0.081657	0.008775	0.009633	-0.093444	-0.018381	0.022328	-0.007778	-0.032044	-0.008698	0.009984	0.016744	0.024833	0.010601	-0.001816	0.006925	0.014494
-0.119073	0.064155	-0.073903	0.048208	-0.052527	-0.028333	0.031840	-0.045510	0.019509	0.052356	0.027524	0.011599	0.005192	0.075404	-0.100496	-0.040056	0.000240	-0.013843	-0.019016	-0.103314
0.011929	0.049396	0.064591	-0.008332	0.054073	0.026182	0.109704	-0.010978	0.016386	0.033882	-0.015634	0.002383	0.001886	0.032619	-0.057283	-0.009148	-0.000003	0.002739	0.017566	0.025543
0.041958	0.018395	0.049656	-0.094708	-0.149804	-0.037774	0.040304	-0.111619	0.047376	0.076885	-0.139617	0.037339	0.069999	0.035503	-0.030887	-0.058840	-0.074824	0.093263	-0.077547	0.026960
0.023203	0.077732	0.033878	-0.049802	-0.000968	0.039927	0.059061	-0.114916	-0.006144	0.060532	-0.070398	-0.057413	0.067375	0.019995	-0.014084	0.011480	-0.001890	0.006549	0.005384	0.013867
-0.039442	-0.049671	0.061222	0.002546	-0.060696	-0.095356	0.094149	-0.076521	0.084816	0.187909	-0.008556	-0.046324	-0.025132	0.013550	-0.067530	0.095940	-0.080266	0.065567	0.109392	-0.036163
0.044211	0.066496	0.066761	-0.034305	0.026217	-0.010706	0.100786	-0.050881	-0.004743	0.085676	0.009324	-0.005093	0.038525	-0.031159	-0.012901	-0.007210	-0.001505	-0.008089	0.009417	-0.031016
0.040707	-0.049037	-0.021041	0.050476	0.015064	-0.034047	-0.045674	-0.135436	0.061244	-0.019315	-0.002736	0.062739	0.049478	-0.008519	-0.020398	0.014994	0.000840	0.010052	0.123566	0.050105
-0.078364	-0.051331	0.017497	-0.077714	0.063743	-0.040792	-0.006841	-0.050442	0.026119	-0.061219	-0.064292	0.010331	-0.059992	0.058319	-0.028045	-0.018928	0.069807	-0.050123	-0.008835	-0.063484
-0.031382	-0.022578	0.006339	-0.040279	0.053274	0.046823	-0.067824	-0.072240	-0.049018	-0.031704	0.131040	-0.084776	-0.076591	0.082930	-0.084312	0.016579	-0.068022	0.032213	0.059738	-0.068941
-0.098286	0.001335	-0.019317	-0.106164	0.033934	0.033983	0.047766	-0.092113	-0.029799	-0.046961	0.021438	-0.054228	-0.047828	0.000108	-0.148472	-0.029875	-0.091182	0.077668	0.032674	-0.005323
-0.098456	-0.099996	0.007204	-0.100319	-0.000345	0.193065	0.016121	-0.061334	-0.134137	-0.101155	-0.030122	-0.121205	0.048015	-0.036963	0.111774	-0.026056	-0.020476	0.022563	0.180033	0.094260
-0.052005	-0.029006	0.035961	-0.019152	0.043017	0.111365	-0.026668	-0.058902	0.002419	0.053485	0.033713	-0.024672	-0.033994	-0.018473	-0.067242	-0.061987	-0.027676	0.017253	0.078436	0.036541
0.048213	0.076249	0.040259	-0.023835	-0.039373	0.004191	0.104154	0.120880	0.030706	0.009607	-0.084000	-0.160320	0.132330	-0.087430	-0.050665	0.021282	-0.044490	0.045781	0.002471	0.027212
0.066130	-0.057361	0.001146	0.049887	-0.124968	0.006086	-0.028461	0.053222	0.071639	0.018173	0.036936	-0.142706	0.090238	-0.070971	-0.012267	0.018048	-0.059972	0.016788	0.018605	0.079156
0.065761	0.019036	-0.063637	-0.020814	-0.056749	0.032379	-0.061859	0.102220	-0.061917	-0.062245	-0.078251	-0.157883	-0.030775	0.037326	-0.093588	0.082939	0.010172	0.030171	0.004190	0.017137
-0.087806	0.107590	-0.080618	0.051539	-0.071895	-0.032319	-0.067702	0.090047	0.018028	-0.002023	-0.059970	-0.111907	0.062329	0.013238	-0.041075	0.032845	0.047840	-0.067787	0.029330	-0.099681
0.039901	0.069250	0.040005	0.047140	-0.032888	-0.023538	-0.071388	0.021312	-0.032125	-0.008328	0.001055	-0.056762	0.024715	-0.059777	0.014278	0.013227	-0.012874	-0.009889	0.008229	0.059196
0.083865	0.020944	0.018605	0.001985	-0.039576	-0.036879	-0.061118	0.016489	0.030422	-0.011764	0.002528	0.021561	-0.040009	0.081990	0.013988	0.045057	0.061410	-0.053073	-0.022867	0.055247
0.034509	0.047462	-0.005144	-0.086469	-0.014061	0.023338	-0.090495	0.105967	0.021350	0.018768	-0.054283	-0.096829	-0.018957	0.010273	-0.017807	0.015223	0.110000	-0.117633	0.037178	-0.029082
0.025142	-0.020926	0.009269	0.038735	0.088904	-0.055427	0.044914	-0.043833	0.032733	-0.084089	0.003183	0.013990	0.043285	-0.052606	0.006553	0.016784	0.106165	-0.097319	0.068894	-0.014863
0.077359	0.029027	-0.014418	0.034139	-0.007152	-0.012862	-0.047440	-0.032160	-0.029772	-0.013195	0.008901	0.071449	-0.059882	0.058083	-0.050155	0.013572	0.009700	0.023288	-0.018715	-0.003005
0.117077	0.007336	0.040731	0.188457	-0.038050	0.014224	0.002087	0.005900	-0.065480	0.056540	0.000217	-0.018974	-0.011499	0.049319	-0.064636	-0.022942	0.061778	-0.080992	0.014743	0.133395
0.031440	-0.043055	-0.077236	-0.117353	-0.073445	0.016547	-0.003244	-0.055584	-0.103991	-0.158223	0.064614	0.084120	0.031916	-0.064584	-0.051591	0.140390	0.085846	-0.064011	-0.056782	0.004415
-0.046455	-0.090504	0.100970	0.026787	0.024155	-0.007609	0.013328	0.007673	0.083028	-0.027182	0.052435	-0.003971	-0.071319	0.080431	-0.089604	-0.112643	0.054169	0.003721	-0.042850	0.039919
0.054363	0.028159	0.029051	0.033193	0.015888	-0.001389	-0.075156	-0.029163	-0.011685	0.024139	-0.037831	0.033463	0.003449	0.048500	-0.009609	0.019556	0.034521	-0.032640	0.017449	0.040848
0.055481	0.030029	-0.029571	0.038833	0.071321	0.012321	0.037682	-0.042008	0.074146	-0.040524	-0.011480	-0.000853	0.013329	-0.011862	0.037890	0.016448	0.036525	0.020642	0.036502	-0.003946
-0.110988	0.012802	0.021497	0.199443	0.140676	-0.048380	-0.262865	-0.097851	-0.268257	0.199964	-0.319552	0.048188	-0.110371	-0.567357	-0.245759	-0.070086	0.003681	0.083729	-0.229514	0.010462
0.028476	0.023633	0.052104	-0.032309	-0.091035	-0.060817	-0.095055	-0.103957	-0.009411	-0.013704	0.044050	0.008747	-0.012848	-0.049650	0.053798	0.013559	-0.066250	0.031190	0.039537	-0.001182
-0.015793	0.010953	0.056669	-0.113581	-0.017197	-0.027481	-0.040486	-0.057203	0.040959	-0.025291	0.036090	0.025486	0.016739	0.000242	-0.029404	-0.058474	0.036064	0.018069	0.026057	0.021920
-0.007608	-0.129102	-0.087476	-0.098177	0.239694	-0.203258	0.017558	0.106274	-0.208829	0.024794	-0.073145	0.097787	0.130073	0.086602	-0.074332	0.172372	0.017881	0.111998	0.249776	0.100551
-0.020653	-0.025649	0.029256	0.036767	0.030688	0.072422	0.020495	-0.029241	0.012881	-0.034353	-0.064803	0.035160	0.056874	-0.020897	0.098259	-0.010437	-0.023635	-0.011886	-0.037034	0.033573
0.109821	-0.018210	-0.079471	0.047092	-0.072920	-0.017945	0.072518	0.042331	-0.105627	-0.054391	0.000752	0.019281	-0.141264	0.059239	-0.010987	0.018009	0.058963	-0.046761	-0.078288	0.003165
0.036731	0.005589	-0.017056	-0.015797	0.058005	0.008208	-0.019801	0.000531	0.052279	-0.058611	0.026165	0.062692	0.008245	0.060561	-0.009879	-0.001848	0.009566	0.033224	-0.057802	0.004010
0.030931	0.026295	0.029054	-0.061813	0.065715	-0.057457	0.009009	-0.003300	-0.004243	0.020975	0.029505	0.030365	0.022083	-0.037559	-0.008691	0.019845	-0.018961	-0.002248	-0.015525	-0.003124
-0.039919	-0.049815	-0.066756	-0.136565	0.010123	-0.023520	-0.043147	0.022015	-0.073212	-0.063118	0.087268	0.032529	0.156759	-0.155216	0.017837	-0.162581	0.023592	-0.044332	0.062878	-0.086623
-0.018541	-0.123421	-0.013479	-0.012861	0.143631	-0.094613	0.018237	-0.046822	0.155935	-0.118115	-0.009685	0.000047	-0.044585	-0.065945	-0.002817	0.035376	0.051595	-0.028222	-0.026221	-0.022473
-0.078725	-0.058212	0.021890	-0.013210	0.021714	0.103488	0.067664	-0.082471	-0.056513	0.009529	-0.044569	-0.062786	0.101317	0.034199	0.014861	-0.071107	-0.010601	0.009886	0.004628	-0.010393
0.069275	-0.027693	-0.112812	0.039847	0.007078	0.092717	0.017269	-0.136437	-0.063847	0.079542	-0.032827	-0.025869	-0.030859	0.065724	-0.069139	-0.004501	-0.019419	0.050904	0.015985	-0.004723
-0.032411	0.050484	0.066196	0.010363	0.029156	0.021424	0.070224	-0.086171	-0.074239	-0.012124	-0.052174	-0.037449	0.025098	0.077901	-0.009566	0.054104	0.003274	-0.008475	0.006149	0.032146
-0.124006	-0.054435	0.092566	-0.004107	-0.140350	0.015834	0.079319	0.027343	-0.046261	0.055955	-0.009030	0.127415	-0.075436	0.115473	-0.054816	0.040110	-0.104106	0.152857	-0.023189	-0.069334
-0.048244	0.013811	0.022787	-0.014093	-0.018408	0.052288	-0.022969	0.061276	0.043898	-0.061375	-0.073348	0.047346	-0.046804	0.013883	0.072728	0.019717	-0.062199	0.012979	-0.109336	0.021683
0.013976	-0.050004	-0.032758	-0.010315	0.013766	-0.010602	-0.035948	0.008949	0.049097	-0.059264	0.086179	0.015904	0.033502	-0.090084	0.067036	-0.022448	-0.031561	0.021953	0.029837	0.004849
0.054381	0.060968	0.040386	0.000559	-0.083743	-0.034144	0.002224	0.113088	-0.009687	-0.043108	-0.104067	-0.169409	0.107804	-0.022832	-0.087644	0.014393	-0.087045	0.093308	-0.003722	0.038018
0.082208	-0.030539	-0.069896	0.069729	-0.000228	0.010958	-0.059746	0.068389	0.049599	0.034863	0.000476	-0.102530	0.055549	0.061226	-0.006290	0.054086	-0.078173	0.108866	-0.175891	0.000988
0.038174	0.041284	0.033903	-0.039465	-0.085906	-0.020340	-0.006439	0.089700	0.055588	-0.044511	-0.088348	-0.102606	0.092073	-0.041573	-0.033067	0.042458	-0.062473	0.036934	-0.027858	-0.002009
-0.045594	-0.036252	0.029699	0.011376	-0.063896	0.095694	-0.064806	0.128704	0.061672	0.012986	0.067348	-0.143488	-0.005698	-0.023953	-0.082238	-0.075146	-0.110140	0.136695	0.142556	0.068534
-0.006582	0.039035	0.031887	0.034391	-0.040876	0.053176	-0.100508	0.114675	-0.082603	-0.094129	-0.118365	-0.090363	0.138019	-0.008509	0.022958	0.143453	-0.045472	-0.003284	0.034678	0.013554
-0.047805	0.112488	-0.032266	0.042270	-0.053006	-0.018744	-0.075522	0.086997	0.009202	-0.011996	-0.065253	-0.133173	0.050808	0.005405	-0.031374	0.021217	0.028265	-0.018249	0.021290	0.008388
0.014845	0.050288	-0.017387	-0.018086	-0.006656	0.025092	-0.092709	0.076821	-0.023597	-0.110304	-0.138293	-0.081485	0.120018	-0.007331	0.041462	0.023394	-0.007574	0.006584	0.062223	-0.010094
-0.000004	-0.068735	0.021336	-0.002764	0.095181	-0.085658	-0.035929	0.116291	0.050198	-0.164461	-0.122035	-0.002298	-0.025584	0.026125	-0.134225	0.048769	-0.036101	-0.028847	0.013522	-0.001916
-0.045977	-0.148492	0.035549	-0.004364	-0.034137	0.055939	0.010083	0.120860	0.084700	-0.068703	-0.092248	-0.224208	0.110949	-0.119704	0.075357	-0.020882	0.079321	-0.009447	-0.042114	-0.075657
0.065643	-0.010657	-0.028456	0.061824	-0.095584	0.008442	-0.113386	0.066817	0.024544	-0.014854	-0.055370	-0.162880	0.061910	-0.057998	-0.038972	0.076350	-0.002137	0.015929	0.021861	0.007262
0.023027	0.007488	0.027851	0.012140	-0.025916	0.002345	-0.105075	0.059350	0.042544	-0.006577	-0.016676	-0.170989	0.067777	-0.034751	-0.014717	0.003640	-0.015434	0.040515	0.035712	0.085515
-0.127978	0.097431	-0.133248	0.000117	-0.086024	-0.029185	-0.032654	0.128855	0.061637	-0.016176	-0.104565	-0.119587	0.047689	0.050104	-0.039110	0.056930	0.059667	-0.076672	0.016830	-0.244261
0.010345	-0.036357	-0.051236	0.042147	0.013499	0.131557	-0.033289	0.113782	0.064639	-0.042433	-0.054054	-0.137855	0.100497	-0.086893	-0.074324	0.036285	-0.005573	0.009271	0.095561	-0.020769
0.036892	0.057612	0.057919	-0.048518	-0.009185	-0.013660	0.065797	0.080478	-0.026663	0.048716	0.050135	-0.013990	0.046744	-0.065877	-0.035307	-0.020331	0.007241	-0.013856	0.082692	0.001045
0.074726	-0.069923	0.038027	-0.088867	-0.187827	-0.140714	-0.040700	0.015147	-0.034245	-0.072549	-0.038551	0.156739	0.095114	-0.030008	-0.106015	-0.201371	0.004807	-0.010464	0.033488	-0.088413
0.107867	-0.009112	-0.122119	0.021996	-0.002930	0.007676	0.079659	0.038877	0.048219	-0.074984	-0.070543	0.023950	-0.062638	-0.012444	0.004583	0.047590	-0.078246	0.027368	-0.086083	0.014137
0.027816	0.027583	0.034773	-0.030453	-0.034906	-0.028429	-0.059438	0.010228	0.032099	-0.022240	0.026941	-0.009771	-0.041016	-0.044579	0.061416	0.030820	-0.018591	-0.019020	0.034630	0.007738
0.037628	0.106012	0.062451	0.062195	0.041872	0.027429	-0.083506	0.020278	-0.036812	-0.010815	0.030326	0.005127	-0.015584	0.004771	-0.001458	-0.024908	-0.008804	0.007293	0.019015	0.045751
0.015234	0.040880	0.093628	0.033289	-0.006386	-0.027534	0.076732	0.080852	0.026390	-0.000416	0.027483	0.018728	-0.036825	0.043343	-0.042819	-0.028662	0.013254	0.006993	-0.045241	-0.035886
-0.016416	0.005456	0.017818	-0.066216	0.060394	-0.065978	0.050217	0.153434	-0.046564	-0.113707	-0.159290	0.136671	-0.021747	0.027897	-0.065078	0.064710	-0.051642	-0.090800	-0.044198	0.003904
0.128055	-0.096956	-0.118757	0.120048	-0.015831	0.096523	-0.004942	0.063247	0.130195	0.070665	-0.084950	0.069794	-0.009963	0.072757	-0.132983	-0.002587	0.081200	-0.082436	-0.070107	0.023364
0.102621	-0.077229	-0.083631	0.113522	-0.069146	0.037369	-0.012983	-0.028371	0.116316	-0.017911	-0.036417	0.032206	0.061838	-0.033383	0.030569	-0.034817	0.006426	0.048503	-0.014576	0.008827
0.022279	-0.111775	0.003091	0.069377	0.017389	0.008681	-0.058715	0.023824	0.096823	0.095211	0.185946	-0.057769	0.083610	-0.035162	-0.108330	-0.030961	-0.175373	0.149612	0.100377	-0.034489
0.035063	-0.100456	-0.045612	-0.082769	0.000953	0.058975	-0.108188	0.042054	0.136635	0.135560	0.046605	0.041009	-0.043307	-0.013576	-0.090736	0.055207	0.003662	0.020252	0.113254	0.009952
0.066048	-0.014222	-0.036941	0.047448	-0.028076	0.041554	-0.081291	-0.013764	0.080950	0.002033	-0.035987	0.064007	-0.019620	-0.013533	0.008226	-0.024274	0.034343	-0.029072	-0.020201	0.009043
0.069724	0.016040	-0.005159	0.030386	0.039871	0.009559	-0.041760	0.057971	-0.012199	0.012655	0.054679	0.004681	-0.003667	0.067466	0.039429	-0.048152	0.053352	-0.036887	0.047513	0.032141
0.075736	-0.037712	-0.042598	0.039020	-0.062248	-0.015173	-0.073327	-0.037494	0.048889	-0.023818	0.016354	0.073841	0.047135	0.041660	-0.000564	0.007089	-0.008845	0.080951	-0.071530	0.004475
0.006504	-0.031734	-0.009890	-0.145757	0.097090	-0.134694	-0.065636	0.098579	-0.124164	0.029491	-0.012620	-0.000497	0.031308	0.078923	0.022964	0.074672	0.166122	-0.037036	0.070014	0.015326
-0.078408	0.108863	-0.066050	0.036388	-0.006874	-0.033779	-0.022482	0.009059	0.006453	0.012565	-0.008200	0.025000	-0.039608	0.033813	0.016531	0.007966	0.066639	-0.068505	0.011598	0.034758
0.079537	0.044057	-0.040950	0.002953	-0.021197	0.056435	0.034352	0.006198	-0.057888	-0.028944	0.015772	0.044717	-0.127366	0.046281	-0.040066	-0.013869	-0.029595	0.047132	0.024450	-0.018165
-0.137230	0.003590	-0.189392	0.083487	-0.022371	-0.083390	0.051648	-0.035258	0.068444	0.000358	0.092200	0.054803	0.052876	-0.001387	-0.069020	-0.096227	-0.096322	0.092520	-0.019557	0.322766
0.014101	0.095334	0.046758	0.026878	0.053036	0.024902	-0.141935	-0.070088	-0.062344	0.023346	0.013159	0.019263	-0.011187	-0.045439	0.015035	-0.026034	-0.010840	-0.001722	0.034428	-0.007432
-0.010685	-0.002534	0.031680	-0.108942	-0.060321	-0.107178	-0.083383	-0.083441	0.065551	-0.073377	-0.034779	0.020179	-0.005132	-0.036143	-0.023015	0.009664	-0.035026	0.071556	0.054299	0.012851
0.042656	-0.048375	0.048471	-0.045176	-0.065175	-0.120682	-0.051602	-0.071939	0.119856	0.018436	0.023598	-0.016986	-0.051430	-0.016722	0.038575	-0.013348	-0.025803	0.022660	0.000227	0.005788
0.055502	0.040708	-0.002597	-0.068512	-0.030713	0.004709	0.057291	-0.011464	0.043878	0.025142	-0.020920	0.080735	-0.009926	-0.024124	-0.014711	-0.003300	0.012284	0.003852	-0.008112	0.009540
0.017553	0.049476	0.045594	-0.013410	0.055545	0.029763	0.038171	-0.004990	0.039620	-0.008628	0.041860	0.011144	0.001367	-0.002310	0.007240	-0.005055	0.021892	-0.013058	-0.022391	0.017321
0.078295	-0.084250	0.041456	-0.026097	-0.185280	-0.049929	0.014897	-0.109775	-0.225239	0.091906	0.051025	-0.064503	0.117927	0.025650	-0.066826	-0.000293	0.231256	-0.293818	-0.068769	-0.017692
-0.042505	-0.007540	0.039477	0.027820	0.080209	0.023981	-0.003747	-0.103186	-0.015192	-0.048055	-0.071889	-0.017286	-0.012756	0.025858	-0.020293	0.022249	-0.089541	0.029254	-0.000785	0.024140
-0.053480	-0.043081	0.049953	0.116833	0.025900	0.033510	0.029910	-0.068323	-0.050319	0.030785	0.025179	0.030096	0.072944	0.000702	0.045676	-0.022381	0.009930	-0.045920	-0.026421	0.031851
-0.148392	0.065059	-0.146364	0.047089	-0.026237	-0.056810	0.042707	-0.122670	-0.025392	0.008580	0.042501	-0.044259	0.059862	0.021219	-0.041926	0.011526	-0.069017	0.029567	0.017518	-0.192123
-0.098482	-0.094566	0.052116	-0.041464	0.011662	0.039745	0.065135	-0.060052	0.034867	-0.038910	-0.140281	-0.043279	-0.006469	0.038053	-0.029199	-0.039381	-0.056919	0.025604	-0.065929	0.049130
-0.001074	0.028593	0.078585	-0.025224	0.051940	0.030081	0.008262	-0.069800	-0.003233	0.006780	0.004166	-0.070376	0.012140	0.103605	-0.026923	-0.031580	0.045091	-0.029625	-0.013437	-0.015387
0.080057	-0.052219	-0.079755	-0.028047	0.020269	0.023264	0.009090	-0.022015	0.062289	0.057017	0.034407	0.042054	-0.005197	0.022766	-0.035730	0.013685	0.065788	-0.053150	-0.068677	-0.044856
0.039368	-0.011063	-0.012605	-0.161071	-0.195926	0.005605	-0.055650	-0.157015	0.083883	0.006182	-0.186391	0.019349	-0.001285	0.056015	0.035893	-0.138360	0.023752	-0.024586	-0.054151	-0.050000
-0.123961	-0.121681	0.067528	-0.007818	-0.098260	0.101320	0.007662	0.158365	-0.001362	0.136146	-0.037450	0.049124	-0.132423	-0.003014	0.139878	0.061955	-0.019606	0.027689	0.059858	-0.011372
0.008723	-0.056939	0.082291	0.099286	-0.070010	-0.036137	-0.026499	0.036259	-0.013570	0.037717	0.116478	0.055908	0.018395	0.009392	0.054386	0.111190	-0.042256	-0.023872	0.080266	-0.044404
0.065487	-0.120810	-0.059029	-0.069345	0.167776	-0.278772	-0.085930	0.108971	-0.139420	0.164184	-0.025211	-0.130536	0.044034	0.092688	0.272545	-0.056176	-0.255061	0.213221	-0.059254	-0.043128
-0.010890	0.012639	0.058963	0.048867	0.029002	0.032541	0.010846	0.046876	-0.044418	-0.069759	0.101731	-0.006392	0.030551	0.027124	0.029655	-0.077675	0.065234	-0.032771	-0.049251	-0.027184
0.060734	-0.020181	0.034676	-0.002603	-0.052389	-0.025573	-0.085884	-0.003806	0.054314	0.065737	-0.015947	0.022903	-0.030009	0.022439	-0.002002	0.080683	0.064764	-0.085038	-0.016341	0.020694
-0.040495	-0.140154	0.058116	0.005299	-0.052288	-0.020348	0.069144	0.102861	-0.119458	-0.084881	0.114997	-0.038011	0.072737	-0.051718	-0.130113	-0.157218	0.232012	-0.288685	0.031758	0.041951
-0.079320	0.065331	-0.064192	0.073859	-0.040478	-0.062056	-0.006209	-0.020849	0.002530	0.003043	0.066091	0.034003	0.027542	-0.022450	-0.031711	-0.026210	-0.013669	-0.009196	0.011565	-0.040355
-0.040456	0.076482	-0.024869	0.103485	-0.020629	-0.036809	-0.048993	-0.021419	-0.012626	0.012251	0.065351	0.024498	0.005286	-0.019743	-0.009000	-0.020767	-0.013592	-0.009459	0.009746	-0.033633
0.005991	-0.092144	-0.008980	-0.025651	0.075055	-0.054271	0.024545	-0.038002	-0.006699	-0.065257	0.048009	-0.019548	-0.006274	-0.066159	0.043498	0.031356	-0.037833	-0.140330	-0.107565	0.000386
0.056254	0.153279	0.053146	-0.004500	0.023498	0.011946	0.060217	0.000010	-0.027085	0.027364	-0.009490	-0.015144	0.013866	-0.012813	0.013157	0.005870	-0.021291	0.029788	0.017669	0.027050
0.036384	0.117765	0.054558	-0.000295	0.042956	0.012558	0.009583	-0.011445	-0.008529	0.007122	-0.004618	-0.011446	0.011074	-0.004935	0.015886	-0.000673	-0.002122	0.005596	0.000904	0.041412
0.017284	-0.007706	0.011919	-0.130317	-0.121475	-0.108615	-0.101782	-0.072070	0.083260	-0.067781	-0.091252	0.089588	0.024806	0.000536	0.039884	-0.072169	-0.099135	0.089468	-0.060316	0.005849
0.112262	-0.040880	-0.073082	0.003151	-0.114996	-0.001147	0.079388	0.023453	0.038377	-0.042481	-0.079110	0.093477	-0.025049	0.005061	-0.013824	-0.017170	-0.015083	0.029688	-0.077061	-0.018263
-0.095480	-0.059208	0.108213	0.091611	-0.138077	-0.067170	-0.016030	0.068434	-0.083812	0.123815	0.024467	0.127954	-0.057255	-0.008195	0.034899	0.221669	-0.013232	-0.020809	0.110117	-0.031372
-0.023450	0.015054	-0.010208	-0.050323	0.098296	0.027326	-0.060073	0.029347	0.027510	-0.078105	-0.041006	0.075549	-0.046637	0.003053	-0.040723	-0.000804	0.055418	-0.078498	0.088287	-0.024828
-0.026274	-0.029854	0.096851	0.051028	-0.065357	0.033949	-0.043123	0.038528	-0.007680	0.049160	0.007385	0.040226	-0.052629	0.012556	0.007992	-0.005903	0.038758	-0.018088	0.015222	-0.002786
0.051225	-0.030133	-0.007836	-0.030602	-0.048284	-0.102475	-0.072726	-0.053675	0.072334	-0.046036	-0.042251	0.076064	0.009858	-0.013397	0.026467	0.032728	0.046707	0.024234	0.080478	0.021648
0.097086	-0.023500	-0.103414	-0.100233	-0.063423	-0.033828	0.080617	0.054167	-0.169136	-0.074669	-0.031963	0.040420	-0.178980	0.041509	0.000231	-0.012478	0.054045	-0.062717	-0.033607	0.037426
0.048277	0.012420	0.037815	-0.027397	-0.065117	-0.066635	-0.108434	-0.053158	-0.020496	-0.071710	0.073267	-0.001671	-0.023403	0.025373	0.066985	-0.011992	-0.104845	0.068467	-0.014545	0.081883
0.031440	-0.057153	-0.074338	0.048341	0.119700	-0.069742	0.023755	-0.059071	0.002864	-0.121002	0.049921	-0.047855	-0.136053	-0.017129	0.056766	0.135374	-0.004494	-0.021180	0.061815	0.018525
-0.020492	-0.004382	-0.088982	-0.230669	0.022994	0.192011	-0.130732	0.045552	-0.039295	0.218241	0.062087	-0.016026	-0.018413	-0.017082	0.088785	0.009226	0.132199	-0.205713	-0.150456	-0.101389
-0.070416	0.001191	0.104002	0.056504	-0.059698	-0.007189	-0.026434	0.062327	-0.069182	-0.037327	0.059980	0.071271	-0.097452	0.154033	0.011527	0.047995	0.019387	0.064521	-0.100606	-0.036663
-0.043778	0.047040	0.006656	0.019177	0.081691	0.071853	-0.057584	0.035017	-0.025323	-0.009627	0.077621	0.020214	-0.037167	0.069803	-0.031233	-0.059200	0.000719	0.050319	-0.003492	0.011290
-0.103073	0.103929	-0.074434	0.053027	0.004766	-0.033957	-0.059525	-0.006253	0.002258	0.014364	0.026769	0.020248	-0.045036	0.038341	0.032603	0.000912	0.056570	-0.063291	0.019558	0.072633
0.028713	0.049320	0.062424	0.023709	0.072987	-0.034169	-0.094638	0.010438	0.025865	-0.020297	0.061049	-0.015803	-0.086651	0.152093	0.020906	0.040153	0.010709	0.011292	-0.099183	-0.001381
-0.157866	0.076553	-0.129544	-0.071358	-0.035343	-0.076923	0.059928	-0.028888	0.087271	0.072435	-0.077152	-0.027598	-0.047675	0.058975	0.031979	-0.003125	0.136612	-0.116581	0.023656	0.160812
-0.031327	-0.054752	0.077057	-0.028046	-0.020063	-0.069787	0.000646	0.005586	0.066920	-0.017436	0.040298	0.014614	-0.005600	-0.034038	0.005978	-0.069329	0.059287	-0.022936	0.023027	-0.004460
-0.218055	0.064046	-0.246290	-0.067036	-0.039442	-0.090105	0.092193	0.035454	0.093044	0.083070	-0.005003	-0.010895	0.019066	-0.061470	0.067664	0.038536	0.092550	-0.090244	-0.039617	0.570447
-0.021568	-0.020933	0.012558	-0.044530	-0.021962	0.048456	-0.033534	-0.083172	-0.116335	-0.109798	-0.044840	0.033950	0.088400	-0.027549	0.101446	0.027829	0.035302	-0.046808	-0.013018	0.016114
-0.107866	-0.136842	0.109352	-0.036252	-0.079839	-0.050545	0.037222	0.016166	0.070835	-0.074269	0.072001	-0.083597	-0.104011	-0.009080	0.079952	-0.154323	0.083442	0.096463	-0.204270	-0.005100
-0.016248	-0.069808	0.044903	-0.058776	-0.001423	-0.061840	-0.002354	-0.154281	0.040633	0.051713	-0.028121	-0.142897	-0.025241	-0.001855	0.012779	-0.015654	0.019297	-0.049253	0.001096	0.040294
0.011592	-0.061018	-0.098270	-0.111289	-0.003518	0.143082	-0.047573	-0.097315	0.046171	0.087808	0.013228	0.008080	-0.092131	0.039384	-0.125857	-0.043749	-0.024018	0.029341	0.102467	0.008320
0.045479	-0.037227	-0.148302	-0.020678	0.066398	0.120788	-0.078594	0.011128	0.105865	0.014080	-0.002446	0.073290	0.007911	0.011746	-0.011738	0.043311	-0.092430	0.074996	-0.067744	-0.002550
0.115782	-0.119131	-0.053709	0.159877	-0.042223	-0.038901	0.016809	0.029193	0.023811	0.035721	-0.023249	0.023351	0.035701	0.059079	-0.048335	-0.100240	0.053340	-0.034416	-0.041092	0.025461
-0.059990	-0.021411	0.076828	0.058099	0.022191	0.061814	0.013669	-0.065694	-0.011419	0.007663	-0.071938	0.033864	-0.011440	0.122999	0.014527	0.042986	-0.013330	0.026503	0.001775	0.042997
-0.017958	-0.141881	0.039504	0.041540	0.087326	-0.024942	0.036300	-0.130467	0.106138	0.022543	-0.022004	-0.134609	0.023961	-0.010245	0.010875	0.025353	0.081304	-0.079307	0.028897	-0.048475
-0.087332	-0.012662	-0.015680	-0.037094	0.041656	0.111946	0.111793	-0.054206	0.013673	0.000417	-0.135291	-0.019011	-0.001817	0.022564	0.028108	0.008570	-0.027727	0.041699	0.056466	-0.070467
-0.073128	-0.112586	0.041997	-0.073261	0.001077	0.179434	-0.030561	-0.025385	-0.027854	0.058123	-0.074026	-0.034040	-0.017263	0.036417	-0.021756	0.028089	0.044469	-0.055082	0.109055	0.055917
-0.103948	-0.093349	0.032627	-0.117703	-0.037156	0.060123	0.019750	-0.043481	-0.192513	0.019365	0.146519	-0.150835	0.060778	0.053403	-0.203352	0.054328	-0.028659	0.110660	-0.087197	0.024158
-0.030917	0.021191	-0.035464	-0.075173	-0.091412	0.066440	-0.072885	-0.182405	-0.094601	-0.041530	-0.015985	-0.047199	0.101269	-0.061021	0.100422	0.047760	-0.155018	0.109986	-0.004213	0.040629
0.012474	0.074443	0.054475	-0.003694	0.027350	0.017262	-0.090955	-0.020212	-0.023187	0.003428	0.072602	0.003152	0.013504	-0.007334	0.019480	-0.025848	0.038905	-0.022940	-0.002099	-0.006641
-0.182396	0.061201	-0.135259	0.014608	-0.080843	-0.065086	0.016337	-0.082473	0.015502	0.081054	-0.025638	-0.032464	0.044656	0.089906	-0.121162	-0.010176	0.041001	-0.066446	0.011075	-0.004580
0.029722	-0.062688	-0.022488	0.116593	0.091271	0.003917	0.010881	-0.156404	0.009920	-0.035100	-0.067147	-0.058194	0.089111	0.001668	0.011646	0.056667	0.120665	-0.109388	0.072465	-0.073046
-0.084200	-0.084577	0.006315	0.002780	0.010396	0.068276	0.096406	-0.076965	-0.071653	-0.145185	-0.082426	-0.041101	0.025501	0.003652	0.090531	0.066616	-0.133610	0.096594	-0.098137	0.018624
-0.019996	0.017554	0.038186	-0.007231	0.056620	0.025766	-0.071161	-0.102501	-0.026418	-0.052737	0.047111	-0.039287	-0.012558	0.071346	0.012049	0.038128	0.005742	-0.004423	-0.047470	-0.003525
0.103963	-0.086340	-0.050216	0.143676	0.054589	-0.015476	-0.049371	-0.111587	0.019165	0.145274	-0.145300	-0.107876	0.024876	0.231654	0.004661	-0.073452	-0.034820	-0.033473	-0.114298	0.017218
-0.029456	0.019100	0.041076	-0.017702	0.059182	-0.025969	-0.030332	-0.125119	0.006241	0.009368	-0.042089	-0.049575	-0.052504	0.064445	-0.003606	0.031343	0.033277	0.008812	-0.020834	-0.011239
-0.099537	-0.172488	0.112280	0.120480	-0.097223	0.007407	0.104327	-0.034261	-0.039799	0.106313	-0.082508	0.001780	0.042571	0.040934	0.046241	0.015808	0.034675	-0.012916	0.064062	-0.029470
0.085331	-0.003413	-0.054224	-0.023761	-0.082609	0.037793	0.050573	-0.057237	-0.109057	-0.052438	0.020847	0.045929	-0.103080	0.074537	-0.075840	-0.053812	0.025082	-0.019485	-0.041410	0.010824
0.057124	-0.073900	-0.017232	0.039978	0.016806	0.019977	0.029267	0.024414	0.035243	0.034774	0.035500	0.011140	0.097377	-0.071942	0.037638	-0.019331	-0.021030	-0.076822	-0.029829	-0.025485
-0.000506	0.053044	0.027214	-0.017245	0.077502	0.016119	-0.095265	0.068723	-0.059154	-0.009685	-0.064057	-0.008904	0.015208	0.044862	0.028288	-0.038710	0.109476	-0.120038	0.059751	0.037336
-0.005865	-0.041701	0.040914	-0.030454	0.077754	-0.094393	0.027823	-0.015419	0.068485	-0.061983	-0.047261	0.017294	-0.071743	0.008896	-0.046781	-0.008421	-0.003831	-0.037878	-0.015445	0.035250
-0.072576	-0.125517	0.059062	-0.045490	0.142685	-0.179200	0.059829	0.137906	-0.020340	-0.087651	-0.060248	0.108030	-0.083311	0.062647	-0.297753	-0.178722	-0.269021	0.130572	0.028567	0.032867
0.029053	-0.043181	-0.028330	-0.108364	-0.023600	-0.013619	-0.040119	0.058360	-0.046176	-0.083584	-0.045710	0.127285	0.065941	-0.019821	-0.034852	0.099784	0.150325	-0.178852	0.035140	0.006377
