-7.231435924768447876e-02	-3.432470140978693962e-03	4.619010165333747864e-02	3.039149567484855652e-02	5.191765725612640381e-02	4.177475720643997192e-02	1.040596738457679749e-01	-3.796153888106346130e-02	-2.084991522133350372e-02	3.649771586060523987e-02	3.365880809724330902e-03	1.133165135979652405e-01	-6.339459121227264404e-02	1.622391119599342346e-02	1.602041593287140131e-04	-1.360783074051141739e-02	-6.337800994515419006e-03	3.251068666577339172e-02	4.692442342638969421e-02	1.883529592305421829e-03
-8.736967295408248901e-02	1.028867717832326889e-02	-1.288489997386932373e-01	-2.188920974731445312e-02	-1.800053007900714874e-02	-2.339687198400497437e-01	-6.895065307617187500e-02	-4.128021188080310822e-03	3.874235600233078003e-02	-1.034970879554748535e-01	9.345797821879386902e-03	1.198481023311614990e-01	-5.482210218906402588e-02	4.480045661330223083e-02	1.148094795644283295e-02	2.359743416309356689e-02	3.897304087877273560e-02	-2.344593591988086700e-02	5.443976260721683502e-03	-7.992118597030639648e-02
-9.932217746973037720e-02	9.498026221990585327e-02	-1.005048900842666626e-01	-1.302409321069717407e-01	-1.736052036285400391e-01	4.445004090666770935e-02	8.107888698577880859e-02	-9.092754684388637543e-03	2.482911944389343262e-02	1.148734390735626221e-01	-3.090105578303337097e-02	-1.669620424509048462e-01	-8.281330764293670654e-02	4.406646639108657837e-02	4.522311966866254807e-03	-1.968278549611568451e-02	1.858019828796386719e-01	-3.717891499400138855e-02	1.246977224946022034e-01	6.092778220772743225e-02
8.341632783412933350e-02	7.803476601839065552e-02	-3.190909326076507568e-02	1.412151847034692764e-02	3.839644417166709900e-02	1.421842537820339203e-02	-7.790393382310867310e-02	7.792653143405914307e-02	5.318075418472290039e-03	9.253032505512237549e-02	2.285816520452499390e-02	7.196936011314392090e-02	-9.847840294241905212e-03	6.808993965387344360e-02	-4.691821336746215820e-02	1.103422604501247406e-02	-2.205438725650310516e-02	1.953725935891270638e-03	-7.910643704235553741e-03	-8.535101264715194702e-02
6.977613270282745361e-02	-4.840908572077751160e-03	-8.137330412864685059e-02	3.698932472616434097e-03	8.619635552167892456e-02	-5.230034142732620239e-02	-3.244874998927116394e-02	3.090856783092021942e-02	-7.127730548381805420e-02	1.031133681535720825e-01	-2.673663757741451263e-02	8.747259154915809631e-03	8.944871276617050171e-02	-4.050800949335098267e-02	-4.059769958257675171e-02	4.823457449674606323e-02	-4.972288757562637329e-02	2.893086709082126617e-02	-4.302013292908668518e-02	-7.742774486541748047e-02
5.832119379192590714e-03	-8.502209186553955078e-02	-2.478442713618278503e-02	3.211957216262817383e-02	-2.770981192588806152e-01	4.058289527893066406e-02	-2.422885596752166748e-02	7.555330544710159302e-02	1.324798911809921265e-02	-4.307813942432403564e-02	1.472585089504718781e-02	5.563309043645858765e-02	7.251584529876708984e-02	-3.543428778648376465e-01	-1.178589388728141785e-01	6.192068755626678467e-02	-3.250549361109733582e-02	-2.660426199436187744e-01	-1.338447779417037964e-01	3.258592262864112854e-02
-3.942395560443401337e-03	-1.152842864394187927e-02	-3.080351836979389191e-02	-2.696826308965682983e-02	-8.025117218494415283e-03	-1.350561976432800293e-01	8.693296462297439575e-03	4.391996189951896667e-02	-5.903317034244537354e-02	-2.622041851282119751e-02	-7.115536369383335114e-03	7.765771448612213135e-02	1.588841527700424194e-02	2.540970034897327423e-02	4.793411493301391602e-02	5.307140573859214783e-02	-2.092245966196060181e-02	-2.438954263925552368e-02	1.951158605515956879e-02	5.358051974326372147e-03
-2.448809333145618439e-02	-9.051266312599182129e-02	5.841153115034103394e-02	8.200114965438842773e-02	-1.712169847451150417e-03	-2.212695404887199402e-02	-6.761485338211059570e-02	1.581313647329807281e-02	2.924250625073909760e-02	3.320341929793357849e-02	-1.984233036637306213e-02	3.589676693081855774e-03	-5.680256336927413940e-02	7.317011803388595581e-02	-5.418732762336730957e-02	-1.087828911840915680e-02	9.819141589105129242e-03	5.638442188501358032e-02	-8.203076198697090149e-03	2.894606254994869232e-02
2.970853634178638458e-02	9.911897033452987671e-02	3.313838317990303040e-02	-2.394500374794006348e-01	2.649761736392974854e-02	3.981572762131690979e-02	-8.271281421184539795e-02	2.087578326463699341e-01	1.752395629882812500e-01	4.654712229967117310e-02	7.883361726999282837e-02	-8.628122508525848389e-02	2.517104707658290863e-02	-8.668681234121322632e-02	-2.412970736622810364e-02	-7.461427897214889526e-02	6.133146584033966064e-02	5.259433016180992126e-02	2.985750325024127960e-02	2.091828137636184692e-01
-3.829711303114891052e-02	-2.953696809709072113e-02	-1.228899345733225346e-04	-2.126316875219345093e-01	9.120352566242218018e-03	2.758543565869331360e-02	-2.045874670147895813e-02	-7.223097980022430420e-02	-1.427992060780525208e-02	5.754380673170089722e-02	-1.252752095460891724e-01	-2.048026956617832184e-02	7.646144181489944458e-02	-6.874037208035588264e-04	-5.000581964850425720e-03	-5.600405484437942505e-02	-2.482848707586526871e-03	9.687179327011108398e-02	7.089281082153320312e-02	5.716510489583015442e-02
1.932276040315628052e-02	-1.536978632211685181e-01	3.225107863545417786e-02	-4.257515445351600647e-02	-1.221117377281188965e-02	-7.044905424118041992e-02	5.417369306087493896e-02	4.763874784111976624e-02	4.893827252089977264e-03	4.570560902357101440e-02	9.685129771241918206e-05	-6.215991452336311340e-02	1.058519445359706879e-02	-8.002085238695144653e-02	-8.237610571086406708e-03	-1.618823269382119179e-03	-3.439313545823097229e-02	-1.688960939645767212e-02	-4.823997616767883301e-03	1.815569587051868439e-02
1.465286314487457275e-02	5.978639423847198486e-02	2.345603890717029572e-02	1.227299124002456665e-01	8.719437569379806519e-02	-5.615838803350925446e-03	-3.878466039896011353e-02	4.437573254108428955e-03	2.962842583656311035e-02	-8.638249337673187256e-02	-1.476109921932220459e-01	3.080089017748832703e-02	-5.713188275694847107e-02	-2.197643518447875977e-01	-4.640930891036987305e-02	-8.700604666955769062e-04	5.610391497611999512e-03	1.200119331479072571e-01	7.173568755388259888e-02	1.294535994529724121e-01
2.147969789803028107e-02	9.775963425636291504e-02	-1.736465245485305786e-01	4.633381590247154236e-02	6.386408954858779907e-02	1.007308512926101685e-01	-2.495709806680679321e-02	1.088175103068351746e-01	-1.003922615200281143e-02	6.638305634260177612e-02	7.719273865222930908e-02	1.287920773029327393e-01	8.926530182361602783e-02	4.786464571952819824e-02	-9.733593091368675232e-03	-4.911345988512039185e-02	-4.641566425561904907e-02	-8.483910001814365387e-03	-7.958361506462097168e-02	-5.055059492588043213e-02
-4.439424350857734680e-02	3.204504027962684631e-02	-3.999282419681549072e-02	-3.129451870918273926e-01	-1.788801699876785278e-02	1.101093143224716187e-01	-9.417416900396347046e-02	-8.451965451240539551e-02	2.136504836380481720e-02	4.619196057319641113e-03	-1.974755376577377319e-01	3.892355412244796753e-02	1.491461545228958130e-01	-4.458758607506752014e-02	-6.182371079921722412e-02	-7.981960475444793701e-02	8.468355238437652588e-02	1.341683268547058105e-01	2.353474870324134827e-02	-1.175452861934900284e-02
5.950080230832099915e-03	1.103919073939323425e-01	4.610749706625938416e-02	7.740826159715652466e-02	-4.340676590800285339e-02	-1.658125594258308411e-02	-1.954840421676635742e-01	-1.057151332497596741e-01	-1.353916823863983154e-01	1.392368879169225693e-02	-1.327658742666244507e-01	-5.290859192609786987e-02	-1.659556031227111816e-01	4.747448861598968506e-02	-3.878037258982658386e-02	1.398979127407073975e-01	1.092540770769119263e-01	1.426109522581100464e-01	-1.061131283640861511e-01	1.319538205862045288e-01
-2.818936668336391449e-02	-1.106632053852081299e-01	4.533213376998901367e-02	-2.068811655044555664e-02	-1.975480616092681885e-01	6.669251620769500732e-02	-1.199309453368186951e-01	1.875739097595214844e-01	-1.817882433533668518e-02	4.910644516348838806e-02	5.910425633192062378e-02	-4.124670475721359253e-02	-8.052197098731994629e-02	3.814660012722015381e-03	-5.231190472841262817e-02	4.863101616501808167e-02	3.238911554217338562e-02	-1.336453366093337536e-03	-1.052770614624023438e-01	-1.305100768804550171e-01
6.333660334348678589e-02	1.892642490565776825e-02	-8.237620443105697632e-02	-4.174840450286865234e-02	-5.042794160544872284e-03	2.241719886660575867e-02	-3.269725712016224861e-03	1.823772192001342773e-01	1.010645925998687744e-02	-9.345301985740661621e-02	-6.287027616053819656e-03	1.052050366997718811e-01	2.068077027797698975e-02	-1.210522428154945374e-01	2.790549583733081818e-02	-4.814618453383445740e-02	1.876737314887577668e-06	5.968142673373222351e-02	3.702390706166625023e-03	-2.515257149934768677e-02
3.571184352040290833e-02	2.050582505762577057e-02	2.457140944898128510e-02	5.253209546208381653e-02	7.582612335681915283e-02	1.018202397972345352e-02	-8.737032115459442139e-02	8.939461782574653625e-03	-4.365861415863037109e-02	-2.463688142597675323e-02	1.102411653846502304e-02	5.353926494717597961e-02	5.140768364071846008e-02	-4.582965280860662460e-03	-4.568815976381301880e-02	5.869704484939575195e-02	3.320565074682235718e-02	1.536236982792615891e-02	3.148327767848968506e-02	2.025035955011844635e-02
-3.930253535509109497e-02	4.227948375046253204e-03	1.254139542579650879e-01	-4.718982148915529251e-03	1.240163147449493408e-01	-4.033298231661319733e-03	-1.687413640320301056e-02	-2.471419051289558411e-02	1.705548353493213654e-02	3.144399262964725494e-03	2.528097713366150856e-03	-1.458005979657173157e-02	1.157155260443687439e-02	-7.103101909160614014e-02	1.157991588115692139e-02	4.780561104416847229e-02	-5.957004055380821228e-02	-5.686455592513084412e-02	1.534627564251422882e-02	2.340856753289699554e-02
5.645868554711341858e-02	-8.153516054153442383e-02	1.227875426411628723e-02	-2.452205680310726166e-02	-9.383276104927062988e-03	-2.564365603029727936e-02	7.810369133949279785e-02	-3.523837029933929443e-02	-6.895423680543899536e-02	1.704179123044013977e-02	-9.572057053446769714e-03	-2.585668303072452545e-02	2.755550667643547058e-02	-2.521555311977863312e-02	4.063999652862548828e-02	-1.774516701698303223e-02	1.440952252596616745e-02	-2.477219887077808380e-02	-1.683628000319004059e-02	-3.961519151926040649e-02
-1.173872426152229309e-01	3.681736439466476440e-02	7.261238992214202881e-02	-2.965661883354187012e-01	1.070515885949134827e-01	1.098479330539703369e-01	-4.131406918168067932e-02	-1.288250684738159180e-01	3.394402563571929932e-02	1.110923364758491516e-01	-1.477100998163223267e-01	5.424605682492256165e-02	5.941923707723617554e-02	5.883540958166122437e-02	1.527929306030273438e-02	-6.905633211135864258e-02	-7.163012027740478516e-02	3.578243777155876160e-02	1.267449371516704559e-02	9.024516679346561432e-03
-3.065157216042280197e-04	-2.104933373630046844e-03	-1.511500775814056396e-02	-1.033805776387453079e-03	1.118630021810531616e-01	-1.628165319561958313e-02	-8.351998776197433472e-02	1.377021241933107376e-02	-6.418733857572078705e-03	1.064919680356979370e-01	3.693816484883427620e-03	-4.278445243835449219e-02	-8.033756166696548462e-03	-1.069405023008584976e-02	-9.965058416128158569e-02	4.183695837855339050e-02	-4.941216111183166504e-02	-1.291758194565773010e-02	4.501206055283546448e-02	-3.376827808097004890e-03
-1.021375786513090134e-02	-8.790308982133865356e-02	1.420941203832626343e-02	7.146698422729969025e-03	4.438611492514610291e-02	-1.823920756578445435e-02	-1.386802177876234055e-02	1.795259304344654083e-02	4.089765623211860657e-02	-2.964777871966362000e-02	6.933613121509552002e-02	9.438667446374893188e-02	-3.628142178058624268e-02	2.490282990038394928e-02	-5.391372367739677429e-03	5.431467667222023010e-02	4.964782297611236572e-02	-4.308542981743812561e-02	2.165865898132324219e-02	2.698392793536186218e-02
1.210858952254056931e-02	-2.903487533330917358e-02	3.246748447418212891e-02	-4.354872927069664001e-02	9.964231401681900024e-02	2.667495794594287872e-02	-6.443499773740768433e-02	-9.522636421024799347e-03	-4.882785677909851074e-02	-2.425936050713062286e-02	5.309167876839637756e-02	1.095696724951267242e-02	1.630265824496746063e-02	4.937190935015678406e-02	3.315603360533714294e-02	6.681104004383087158e-02	7.463793456554412842e-02	-8.196210861206054688e-02	-4.042894020676612854e-02	-2.877398207783699036e-02
-7.299809157848358154e-02	9.577210247516632080e-02	6.969309598207473755e-02	1.260664761066436768e-01	-6.604533642530441284e-02	7.185538765043020248e-03	5.223211273550987244e-02	-1.148044914007186890e-01	-4.388005658984184265e-02	1.051228120923042297e-01	-1.881304895505309105e-03	6.812622398138046265e-02	-1.356687396764755249e-02	2.714892616495490074e-03	-4.815279040485620499e-03	1.909241452813148499e-02	4.130268096923828125e-02	4.648843035101890564e-02	-8.459179662168025970e-03	-5.317256972193717957e-02
7.717125862836837769e-02	-3.005501627922058105e-02	7.949881255626678467e-03	1.089349202811717987e-02	4.910397529602050781e-02	9.800971485674381256e-03	2.666528150439262390e-02	2.096841298043727875e-02	3.130159899592399597e-02	-1.452773250639438629e-02	1.454591378569602966e-02	3.966120257973670959e-02	-5.630153790116310120e-02	8.535115979611873627e-03	-2.236859127879142761e-02	3.868034342303872108e-03	6.169287487864494324e-02	-3.262136131525039673e-02	4.501223564147949219e-02	7.478087395429611206e-02
7.805693894624710083e-02	-5.082467198371887207e-02	-9.410062432289123535e-02	-4.420019686222076416e-02	-1.039873734116554260e-01	7.964071631431579590e-02	9.854990988969802856e-02	-5.322946980595588684e-02	-4.772519320249557495e-02	-1.410437934100627899e-02	2.028512069955468178e-03	-6.793386489152908325e-02	-8.865130692720413208e-02	-8.276862651109695435e-02	6.709413230419158936e-02	-9.627372771501541138e-02	-1.005648151040077209e-01	1.646612025797367096e-02	9.207557886838912964e-02	-3.201261535286903381e-02
1.258817464113235474e-01	1.530911177396774292e-01	3.185258433222770691e-02	2.634528651833534241e-02	-1.006688922643661499e-01	-1.594586879946291447e-03	1.624071784317493439e-02	-8.745021477807313204e-05	1.202401295304298401e-01	4.604719206690788269e-02	4.504344612360000610e-02	-2.008712477982044220e-02	-2.195309288799762726e-02	-1.612927578389644623e-02	-3.216097503900527954e-02	-1.124004088342189789e-02	1.903480850160121918e-02	7.953096926212310791e-02	1.995388418436050415e-03	1.721722185611724854e-01
2.834246866405010223e-02	-4.753605276346206665e-02	-6.929823011159896851e-02	-2.438119612634181976e-02	7.916972041130065918e-02	6.825089454650878906e-02	9.301551035605370998e-04	3.867022320628166199e-02	-2.865752577781677246e-02	-3.362563252449035645e-02	5.922490730881690979e-02	1.273276209831237793e-01	2.023122459650039673e-02	-1.747838780283927917e-02	9.752447716891765594e-03	1.440723612904548645e-02	4.523346200585365295e-02	-1.671111397445201874e-02	-8.358894847333431244e-03	3.172332420945167542e-02
-8.407028764486312866e-02	-4.745369032025337219e-02	4.515375569462776184e-02	-1.802580198273062706e-03	-8.873172104358673096e-02	6.763374060392379761e-02	-1.870536506175994873e-01	8.002241700887680054e-02	3.581945970654487610e-02	-7.693607360124588013e-02	-5.919402465224266052e-02	7.303226739168167114e-02	3.842387348413467407e-02	7.555779814720153809e-02	6.012313812971115112e-02	1.258002370595932007e-01	-1.582159847021102905e-01	1.342105865478515625e-01	3.410984203219413757e-02	-4.563076049089431763e-02
-1.002676710486412048e-01	7.637912034988403320e-02	2.267802506685256958e-02	7.469835132360458374e-02	-4.780126735568046570e-02	3.049605153501033783e-02	1.331016868352890015e-01	-5.471742525696754456e-02	1.498275529593229294e-02	4.315044730901718140e-02	3.198611363768577576e-02	1.205000430345535278e-01	3.389094257727265358e-03	-1.111265569925308228e-01	1.165862567722797394e-02	-6.126795336604118347e-02	9.508521854877471924e-02	8.986387401819229126e-02	5.672057718038558960e-02	-1.432557217776775360e-02
1.061080247163772583e-01	-3.512958064675331116e-02	-3.382246941328048706e-02	-6.372006610035896301e-03	-2.041719108819961548e-02	-5.841203033924102783e-02	3.145360946655273438e-02	8.241561241447925568e-03	1.463676244020462036e-02	-4.244945477694272995e-03	-4.898486193269491196e-03	2.355752699077129364e-02	-7.104547228664159775e-03	-3.992747142910957336e-02	1.551870256662368774e-02	-3.367286699358373880e-04	2.294132858514785767e-02	6.139539554715156555e-02	5.282600224018096924e-02	3.659548703581094742e-03
5.679179728031158447e-02	-9.359297156333923340e-02	3.548491373658180237e-02	1.876463741064071655e-02	-9.773678146302700043e-03	-7.983615249395370483e-02	2.579740062355995178e-02	2.511797286570072174e-02	2.204781025648117065e-02	4.568664357066154480e-02	4.545414075255393982e-02	-5.461329221725463867e-02	4.767623916268348694e-02	-2.286322601139545441e-02	1.498463749885559082e-02	-1.465551368892192841e-02	6.458162795752286911e-03	6.639047712087631226e-02	1.965354941785335541e-02	2.075573615729808807e-02
1.879832893610000610e-02	4.324590042233467102e-02	-1.519855856895446777e-01	1.047407314181327820e-01	7.214051485061645508e-02	3.820579499006271362e-02	2.827112749218940735e-02	6.331956386566162109e-02	-6.365723907947540283e-02	-7.077491842210292816e-03	-9.005186706781387329e-02	-5.761803593486547470e-03	3.135164454579353333e-02	-5.390849336981773376e-02	-6.410849839448928833e-02	-1.119137108325958252e-01	-8.561433106660842896e-02	1.532066892832517624e-02	7.069795578718185425e-02	1.382583975791931152e-01
4.291004501283168793e-03	-8.169027417898178101e-02	3.373233973979949951e-02	1.285068541765213013e-01	7.754927966743707657e-03	6.293938308954238892e-02	-3.272082656621932983e-02	-2.580674923956394196e-02	-3.722989931702613831e-02	2.760154940187931061e-02	-4.347488284111022949e-02	-8.668356388807296753e-02	-4.607610777020454407e-02	1.284647881984710693e-01	-5.222652852535247803e-02	-9.218699298799037933e-03	2.029893733561038971e-02	2.195123396813869476e-02	8.433910459280014038e-02	6.328620761632919312e-02
4.913051426410675049e-02	2.327061630785465240e-02	6.529617309570312500e-02	8.874806016683578491e-02	4.556290060281753540e-02	2.306596562266349792e-02	-5.876813828945159912e-02	-1.318350061774253845e-02	1.656216941773891449e-02	-4.543169587850570679e-02	-5.377236753702163696e-02	3.710398823022842407e-02	-9.829742461442947388e-02	-4.514300823211669922e-02	-7.633391022682189941e-02	-7.068792823702096939e-03	7.470204029232263565e-03	-2.490110881626605988e-02	8.842820674180984497e-02	-3.511257842183113098e-02
7.762603461742401123e-03	-1.031361445784568787e-01	1.109647378325462341e-02	-1.242133975028991699e-02	-6.728395354002714157e-03	-4.149773716926574707e-02	4.319112747907638550e-02	6.484979763627052307e-03	-6.454494595527648926e-02	2.550338394939899445e-02	-2.439324557781219482e-02	-2.312645316123962402e-02	1.260310411453247070e-02	7.111808285117149353e-03	4.853826388716697693e-02	2.582257438916712999e-04	6.299864500761032104e-02	-4.645850509405136108e-03	-4.872109368443489075e-02	9.468834102153778076e-02
-1.205052509903907776e-01	-1.458733230829238892e-01	-1.550946012139320374e-02	3.023991128429770470e-03	-1.127349585294723511e-01	1.239224448800086975e-01	1.982366666197776794e-02	2.282594516873359680e-02	5.862116813659667969e-02	5.642262101173400879e-02	-1.203601136803627014e-01	-4.622106207534670830e-04	-6.070479750633239746e-02	-3.452402539551258087e-03	-1.052599623799324036e-01	-3.990245051681995392e-03	4.013837873935699463e-02	-1.500863730907440186e-01	-4.360421746969223022e-02	3.666811063885688782e-02
5.067342892289161682e-02	-6.136940792202949524e-02	3.638358786702156067e-02	2.210206538438796997e-02	2.767870575189590454e-02	-3.934881091117858887e-02	-7.562930230051279068e-03	2.075265074381604791e-04	-6.443016231060028076e-02	1.132033794419839978e-04	1.685756444931030273e-02	2.175791002810001373e-02	1.116287894546985626e-02	-1.109831687062978745e-02	1.932627637870609760e-04	5.006325244903564453e-02	2.940735779702663422e-02	2.867634780704975128e-02	-2.466575242578983307e-02	4.370933026075363159e-02
1.424430608749389648e-01	3.242804482579231262e-02	-1.221321057528257370e-02	-2.821339853107929230e-02	-5.275657027959823608e-02	2.057461626827716827e-02	1.117277797311544418e-02	2.613776177167892456e-02	-2.719436073675751686e-03	-1.494940370321273804e-02	-3.440616419538855553e-03	1.037174090743064880e-01	-8.684089407324790955e-03	7.634516805410385132e-02	-4.638712562154978514e-04	9.392526000738143921e-03	-4.899153113365173340e-02	2.225549519062042236e-02	-1.855052262544631958e-02	9.872771799564361572e-02
6.929090619087219238e-02	8.359925821423530579e-03	-2.635992690920829773e-02	8.763723075389862061e-03	-2.434372901916503906e-02	-1.801009662449359894e-02	1.599369011819362640e-02	9.122847020626068115e-02	-1.460542064160108566e-02	-3.584331274032592773e-02	5.636401101946830750e-02	3.005590289831161499e-02	2.735964022576808929e-02	6.775490194559097290e-02	2.714978717267513275e-02	1.100509893149137497e-02	4.344700649380683899e-02	-3.238598629832267761e-02	2.158327028155326843e-03	8.501419797539710999e-03
6.698592752218246460e-02	-9.201318770647048950e-02	-9.857717156410217285e-02	6.175501737743616104e-03	-1.357310917228460312e-02	3.171351179480552673e-02	4.858955368399620056e-02	1.837032847106456757e-03	-7.818816602230072021e-02	-1.081816554069519043e-01	-1.083464771509170532e-01	2.668951405212283134e-03	7.010510191321372986e-03	-1.483254879713058472e-01	2.631577663123607635e-03	6.519260257482528687e-02	-1.295238137245178223e-01	-3.837910667061805725e-02	-2.397031709551811218e-02	5.058532580733299255e-02
7.189779728651046753e-02	-4.957831650972366333e-02	6.038077548146247864e-02	-5.300373956561088562e-02	-2.009996026754379272e-02	2.770981378853321075e-02	5.036859214305877686e-02	-9.490913711488246918e-03	5.165833979845046997e-02	1.296903751790523529e-02	6.487582623958587646e-02	1.720254309475421906e-02	-7.632479071617126465e-02	7.205244898796081543e-02	-3.494554432108998299e-03	3.187317401170730591e-02	-1.340422779321670532e-02	1.268624980002641678e-02	2.478500455617904663e-02	1.320600882172584534e-02
6.005979329347610474e-02	-9.685233980417251587e-02	-1.858809776604175568e-02	-1.377485110424458981e-03	4.209056869149208069e-02	-6.135691702365875244e-02	2.117921411991119385e-02	1.236820500344038010e-02	3.047959692776203156e-02	6.193710863590240479e-02	5.106782913208007812e-02	-6.029673293232917786e-02	6.736919283866882324e-02	-9.175951778888702393e-02	-1.231513265520334244e-02	4.244071431457996368e-03	9.533548727631568909e-03	4.038292542099952698e-02	-1.294585969299077988e-02	-2.734526060521602631e-02
-4.399604722857475281e-02	4.041849821805953979e-02	-8.573940396308898926e-02	-2.249800413846969604e-02	-9.283475577831268311e-02	-1.822036057710647583e-01	1.043246811605058610e-04	-6.080234423279762268e-03	4.936575889587402344e-03	-2.791318297386169434e-02	-3.716812003403902054e-03	1.277663465589284897e-02	-1.284957379102706909e-01	3.277091309428215027e-02	-5.559479817748069763e-02	-1.356245726346969604e-01	-1.133208945393562317e-01	-5.717515200376510620e-02	1.156156733632087708e-01	2.091334201395511627e-02
8.988042175769805908e-02	-1.133886873722076416e-01	6.242806091904640198e-02	-6.348335184156894684e-03	3.557470440864562988e-02	-7.790544629096984863e-02	2.995041012763977051e-02	9.573876857757568359e-03	-3.362883254885673523e-02	3.274554386734962463e-02	9.168811142444610596e-03	-4.118561372160911560e-02	6.652685999870300293e-02	-3.480280190706253052e-02	1.520475093275308609e-02	2.985039353370666504e-02	-9.136801585555076599e-03	2.002263069152832031e-02	-1.169257517904043198e-02	6.749993655830621719e-03
7.603504508733749390e-02	-3.155434504151344299e-02	2.771347016096115112e-02	-3.566025570034980774e-02	4.363405704498291016e-02	-4.984214156866073608e-02	1.890549063682556152e-02	3.145678713917732239e-02	1.687582209706306458e-02	1.427281647920608521e-02	3.209291025996208191e-02	-6.336863152682781219e-03	6.649108976125717163e-02	-8.366271853446960449e-02	1.627463474869728088e-02	-1.004732120782136917e-02	8.321547065861523151e-04	-4.253549035638570786e-03	-3.831957280635833740e-02	-4.377741832286119461e-03
-1.738330349326133728e-02	-1.096528545022010803e-01	4.454318061470985413e-02	-9.468966745771467686e-04	-1.226155087351799011e-01	5.582820251584053040e-02	-1.130321063101291656e-02	6.149961054325103760e-02	5.848898552358150482e-03	3.742696717381477356e-02	-3.499985113739967346e-02	3.646522760391235352e-02	-7.159587740898132324e-02	-2.074345573782920837e-02	-9.601962566375732422e-02	-5.342721007764339447e-03	-5.650505423545837402e-03	-2.561261504888534546e-02	2.001753635704517365e-02	-2.662451751530170441e-02
-1.160977333784103394e-01	-1.201228871941566467e-01	9.386483579874038696e-02	-7.951768487691879272e-02	-1.119748950004577637e-01	4.446047544479370117e-02	-1.518847793340682983e-01	1.154910176992416382e-01	1.253109723329544067e-01	-2.146834135055541992e-02	2.591812312602996826e-01	-8.685467392206192017e-02	8.794927969574928284e-03	-6.222834065556526184e-02	-3.085085451602935791e-01	-2.820441965013742447e-03	-1.125755086541175842e-01	1.164168342947959900e-01	1.218817662447690964e-02	1.733431816101074219e-01
-1.336335092782974243e-01	8.287392556667327881e-02	1.189881097525358200e-02	1.923083700239658356e-02	1.024234853684902191e-02	4.369919002056121826e-02	8.413802087306976318e-02	-3.501633182168006897e-02	-1.786827594041824341e-01	2.870894968509674072e-02	-8.772223442792892456e-02	1.299998760223388672e-01	-8.921939879655838013e-02	1.138746924698352814e-02	1.120219081640243530e-01	-3.298860788345336914e-02	-1.104765161871910095e-01	-3.176660463213920593e-02	-1.484729629009962082e-02	-4.562797769904136658e-02
8.697983622550964355e-02	-1.434863917529582977e-02	-9.806793183088302612e-02	-3.959419205784797668e-02	1.895695179700851440e-02	8.517889678478240967e-02	3.460730612277984619e-02	9.061024338006973267e-02	2.173520065844058990e-02	-1.713235862553119659e-02	3.513911738991737366e-02	1.043629646301269531e-01	-7.900512963533401489e-02	4.672798514366149902e-02	-3.250772133469581604e-02	1.386602036654949188e-02	7.761046756058931351e-03	8.388911955989897251e-04	5.243430286645889282e-02	-6.497639417648315430e-02
5.408654734492301941e-02	9.477209299802780151e-02	6.804338842630386353e-02	1.332389414310455322e-01	-6.669486314058303833e-02	-6.078523024916648865e-02	-7.237060368061065674e-02	-2.907703863456845284e-03	2.476433105766773224e-02	-3.816648200154304504e-02	-7.611664384603500366e-02	-4.550870135426521301e-02	-5.736590549349784851e-02	-7.441303133964538574e-02	-6.033164262771606445e-02	6.836710125207901001e-02	8.026577532291412354e-03	1.420576572418212891e-01	4.292328283190727234e-02	-1.438642591238021851e-01
-3.645296394824981689e-02	-6.044661998748779297e-02	3.015510179102420807e-02	-3.473487496376037598e-02	-1.801909506320953369e-01	8.076062053442001343e-02	2.988003380596637726e-02	4.872695356607437134e-02	-3.161891549825668335e-02	2.188994735479354858e-02	-5.940461903810501099e-02	-3.650283440947532654e-02	-7.733304053544998169e-02	-6.142158806324005127e-02	-4.328165575861930847e-02	-6.583878397941589355e-02	-6.151735410094261169e-02	-1.510328352451324463e-01	9.220888465642929077e-02	-5.255742371082305908e-02
5.008266493678092957e-02	-9.003730118274688721e-02	1.029361784458160400e-02	-1.454326696693897247e-02	-6.974710524082183838e-02	5.619101598858833313e-02	5.889724195003509521e-02	-1.079534925520420074e-02	-6.036089360713958740e-02	1.657825778238475323e-03	5.549076944589614868e-02	-1.840850338339805603e-02	6.469218060374259949e-03	-1.685434952378273010e-02	2.230427786707878113e-02	-2.848472073674201965e-02	3.888723626732826233e-02	-7.501868903636932373e-02	-9.897911921143531799e-03	1.145067159086465836e-02
6.307873874902725220e-02	-3.276499360799789429e-02	2.750707231462001801e-02	1.107701100409030914e-02	4.126932844519615173e-02	-4.747927933931350708e-02	2.926578512415289879e-03	4.791577160358428955e-02	-4.399809986352920532e-02	1.668733358383178711e-02	4.052675142884254456e-02	-1.534720649942755699e-03	4.173739999532699585e-02	-4.357873275876045227e-02	1.701617985963821411e-02	4.339946899563074112e-03	-9.941788390278816223e-03	6.177180260419845581e-02	-2.547981217503547668e-02	-2.390001527965068817e-02
1.596191339194774628e-02	1.155522912740707397e-01	1.344020813703536987e-01	-1.299006119370460510e-02	-2.564196102321147919e-02	1.066510006785392761e-02	2.016296051442623138e-02	-5.893527716398239136e-02	1.814123988151550293e-01	-5.887927114963531494e-02	2.468683756887912750e-02	-1.865858212113380432e-02	-4.321333765983581543e-02	-1.369023579172790051e-03	-5.794388707727193832e-03	-3.000076487660408020e-02	5.473547428846359253e-02	-5.199182778596878052e-02	-5.062768608331680298e-02	-1.123618483543395996e-01
-8.827582001686096191e-02	2.176327258348464966e-02	1.042564362287521362e-01	7.675855606794357300e-02	7.209594547748565674e-02	8.331962674856185913e-02	1.763275824487209320e-02	-6.840065587311983109e-03	8.392094820737838745e-02	-7.415587455034255981e-02	-5.651146173477172852e-02	-5.070628598332405090e-02	-2.549276128411293030e-02	-8.025363832712173462e-02	-6.494898349046707153e-02	-6.817897409200668335e-02	1.455726288259029388e-02	-4.469358921051025391e-02	1.718105077743530273e-01	-1.117040365934371948e-01
4.533341154456138611e-02	3.578392788767814636e-03	9.380529634654521942e-03	2.379782125353813171e-02	3.324862197041511536e-02	3.679062053561210632e-02	-2.303441241383552551e-02	6.121200695633888245e-02	-3.385562449693679810e-02	-4.181028902530670166e-02	8.285993710160255432e-03	1.493246108293533325e-01	-3.679092042148113251e-03	-2.088813483715057373e-02	6.485528778284788132e-03	1.352820545434951782e-02	1.755113340914249420e-02	2.738621830940246582e-02	-3.762202709913253784e-02	3.676509484648704529e-02
9.676513820886611938e-02	-9.099795669317245483e-02	2.713144198060035706e-02	1.969386823475360870e-02	-1.729991636238992214e-04	3.455705568194389343e-02	2.068565459921956062e-03	-4.646363481879234314e-02	-2.912082150578498840e-02	-3.993405774235725403e-02	5.483920499682426453e-02	9.922427684068679810e-02	-6.082493811845779419e-02	-9.126593358814716339e-03	1.050821971148252487e-02	3.562423959374427795e-02	7.560447603464126587e-02	7.398870307952165604e-03	-1.305309124290943146e-02	-5.608899518847465515e-02
9.714505635201931000e-03	5.904276669025421143e-02	1.814624294638633728e-02	1.567252166569232941e-02	4.909332469105720520e-02	-6.132201477885246277e-02	-7.103084027767181396e-02	2.844378352165222168e-02	-6.735282391309738159e-02	-7.389630377292633057e-02	-1.597196161746978760e-01	-6.333400309085845947e-02	7.938999682664871216e-02	-5.570688098669052124e-02	2.531887777149677277e-02	1.187367662787437439e-01	5.514202266931533813e-02	3.444280847907066345e-02	-5.138903856277465820e-03	-5.369473993778228760e-02
-3.338163718581199646e-02	-3.506718203425407410e-02	-2.662830613553524017e-02	-2.668805420398712158e-02	8.436703123152256012e-03	4.385280981659889221e-02	7.849724031984806061e-03	-7.303541991859674454e-03	7.200894504785537720e-02	-2.651995606720447540e-02	-5.138639360666275024e-02	-3.962040320038795471e-02	-4.405974596738815308e-02	1.042931526899337769e-01	1.643338054418563843e-02	8.532128483057022095e-02	1.259507983922958374e-01	-1.711600460112094879e-02	8.603465557098388672e-02	6.825874000787734985e-02
-4.764814302325248718e-02	-1.957875862717628479e-02	-3.331132233142852783e-02	-2.010421641170978546e-02	3.683377057313919067e-02	-1.773207783699035645e-01	-7.744207978248596191e-03	-5.228111892938613892e-02	-1.589838787913322449e-02	-2.163597010076045990e-02	1.419392134994268417e-02	5.040091276168823242e-02	-3.194163739681243896e-02	-3.336393833160400391e-02	-4.856870323419570923e-02	1.623698137700557709e-02	-5.327695608139038086e-02	-1.012797206640243530e-01	4.422910138964653015e-02	-7.424252480268478394e-02
4.110865667462348938e-02	-9.887187741696834564e-03	3.105250187218189240e-02	2.334877289831638336e-02	6.864585727453231812e-02	-3.294890001416206360e-02	-1.066784933209419250e-02	-8.679099380970001221e-03	-2.327035181224346161e-02	3.079691529273986816e-02	3.078170120716094971e-02	-2.210902608931064606e-02	4.097854718565940857e-02	-5.129176750779151917e-02	-2.838024124503135681e-02	2.304628491401672363e-02	8.884557522833347321e-03	-7.260824088007211685e-03	-2.841256186366081238e-02	-2.550778165459632874e-02
-6.000525504350662231e-02	-4.311824217438697815e-02	-1.157043874263763428e-02	-5.936096236109733582e-02	5.250190198421478271e-02	-1.744723320007324219e-01	1.959985354915261269e-03	2.948619797825813293e-02	-1.280727423727512360e-02	9.329130873084068298e-03	4.153623804450035095e-02	-5.361227691173553467e-02	9.539606049656867981e-03	-1.358526386320590973e-02	1.920888200402259827e-03	3.858395665884017944e-02	-8.731240779161453247e-02	-5.249475594609975815e-03	-4.342458210885524750e-03	-5.231850966811180115e-02
-2.833469957113265991e-02	5.072778835892677307e-02	1.376366764307022095e-01	-4.801019653677940369e-02	1.096606254577636719e-01	5.131410807371139526e-02	-2.403800562024116516e-02	-8.841452747583389282e-02	-2.262294292449951172e-04	-1.172931492328643799e-01	5.499369651079177856e-02	8.377316594123840332e-02	-1.341186314821243286e-01	-6.397856026887893677e-02	8.969189226627349854e-02	-1.938280016183853149e-01	-1.111691296100616455e-01	-1.387858483940362930e-02	-7.915583252906799316e-02	7.420447468757629395e-02
-2.524544857442378998e-02	-5.356768891215324402e-02	-5.278830975294113159e-02	-5.918285995721817017e-02	1.136113144457340240e-02	-1.299431324005126953e-01	5.118648707866668701e-02	2.222847379744052887e-02	-2.235429733991622925e-02	-4.429110325872898102e-03	2.129518799483776093e-02	-4.112079739570617676e-02	1.368370745331048965e-02	-6.037543527781963348e-03	-4.997171089053153992e-02	1.449184864759445190e-02	-7.313096523284912109e-02	-3.053353168070316315e-02	4.935366660356521606e-02	-6.664414703845977783e-02
9.136472642421722412e-02	-2.562370151281356812e-02	-6.686466187238693237e-02	-3.899585455656051636e-02	1.847222074866294861e-02	1.775164157152175903e-02	7.937667518854141235e-02	-5.913672968745231628e-03	-3.810422122478485107e-02	2.322246320545673370e-02	-1.821582438424229622e-03	-5.913474410772323608e-02	1.780881918966770172e-02	-3.436931222677230835e-02	4.148826003074645996e-02	-3.998458385467529297e-02	-6.146687641739845276e-02	-2.222282439470291138e-02	1.676011458039283752e-02	4.680703207850456238e-02
7.329931482672691345e-03	-1.471824757754802704e-02	3.627975285053253174e-02	1.595716923475265503e-02	-1.238011419773101807e-01	-1.074659451842308044e-02	7.129675894975662231e-02	-9.333508089184761047e-03	-7.845081388950347900e-02	4.648495838046073914e-02	-5.913727451115846634e-03	5.520127713680267334e-03	3.681994974613189697e-02	-2.847892604768276215e-02	1.214688085019588470e-02	-6.688272207975387573e-02	-6.731957197189331055e-03	-4.242145270109176636e-02	3.668756410479545593e-02	2.951742708683013916e-02
3.086764737963676453e-02	-4.827507957816123962e-02	3.109162487089633942e-02	7.619030307978391647e-03	6.938511971384286880e-03	-1.143770664930343628e-01	6.849641352891921997e-02	-4.732700064778327942e-02	-1.161252148449420929e-02	-3.341559693217277527e-02	-6.616192404180765152e-03	-1.408674987033009529e-03	1.368707977235317230e-02	7.786907255649566650e-03	5.618444085121154785e-02	-3.479891689494252205e-03	2.754849940538406372e-02	-3.567058220505714417e-02	-3.577885776758193970e-02	6.677259504795074463e-02
-2.196254879236221313e-01	8.133169263601303101e-02	9.357076883316040039e-02	8.709980547428131104e-02	4.402890056371688843e-02	3.275642544031143188e-02	1.147807016968727112e-01	1.061500087380409241e-01	-8.556111156940460205e-02	9.761372208595275879e-02	3.374598175287246704e-02	2.155859023332595825e-02	7.223708927631378174e-02	1.083205454051494598e-02	-8.943275362253189087e-02	5.440408736467361450e-02	-2.697971165180206299e-01	1.219610199332237244e-01	3.116343542933464050e-02	-3.317270195111632347e-03
8.928638696670532227e-02	-8.750329166650772095e-02	-2.714762650430202484e-02	-1.199571415781974792e-02	-1.048969104886054993e-02	-7.820769213140010834e-03	4.313751310110092163e-02	-1.072543859481811523e-02	5.144005641341209412e-03	-2.087812125682830811e-02	1.725531299598515034e-03	1.428446266800165176e-02	-3.296696394681930542e-02	-2.156807808205485344e-03	3.757684305310249329e-02	1.866733096539974213e-02	4.349748138338327408e-03	4.658796265721321106e-02	5.459789931774139404e-02	2.768530510365962982e-03
7.712496817111968994e-02	-9.058323502540588379e-02	3.579722344875335693e-02	5.793555080890655518e-02	2.677050046622753143e-02	-3.308336809277534485e-02	-2.167899906635284424e-02	8.544716052711009979e-03	-5.196698009967803955e-02	-5.298946797847747803e-02	-4.810545593500137329e-03	1.332064997404813766e-02	3.206456080079078674e-02	-5.375036597251892090e-02	5.190164595842361450e-02	-1.671639829874038696e-02	1.228831615298986435e-02	3.782640770077705383e-02	-3.085245564579963684e-02	3.244926035404205322e-02
2.410919405519962311e-02	-1.006384268403053284e-01	5.763389915227890015e-02	8.240985870361328125e-02	7.846073061227798462e-02	3.979051113128662109e-02	-7.713583298027515411e-03	7.172889076173305511e-03	-1.916161738336086273e-02	4.267308395355939865e-03	-6.647086143493652344e-02	2.510796487331390381e-02	-6.644877046346664429e-02	3.728946298360824585e-02	-4.746988043189048767e-02	2.407710533589124680e-03	-1.243744604289531708e-02	-9.346062317490577698e-03	1.029934510588645935e-01	1.942700520157814026e-02
3.496465459465980530e-02	-3.857354074716567993e-02	-2.785913832485675812e-02	4.150097444653511047e-02	6.202861294150352478e-02	1.848077215254306793e-02	-3.614996746182441711e-02	-3.139086440205574036e-02	1.565119065344333649e-02	-4.723865538835525513e-03	-7.070453371852636337e-03	2.674213238060474396e-02	-7.172819972038269043e-02	7.090545259416103363e-03	1.378511916846036911e-02	-1.765150390565395355e-02	7.974424213171005249e-02	4.770343750715255737e-02	5.687925219535827637e-02	2.300177142024040222e-02
4.754567891359329224e-02	-2.014495432376861572e-02	1.849968172609806061e-02	6.356953643262386322e-03	1.588287390768527985e-02	3.257481008768081665e-02	-2.782173827290534973e-02	2.198343165218830109e-02	-3.569494932889938354e-02	-3.931155800819396973e-02	-7.162226364016532898e-03	3.117463365197181702e-02	-7.192957215011119843e-03	5.199292302131652832e-02	8.437790907919406891e-03	8.195570856332778931e-02	1.136156618595123291e-01	-5.277286469936370850e-02	4.913125187158584595e-02	6.657066941261291504e-02
2.929445914924144745e-02	2.684726612642407417e-03	3.555086627602577209e-02	-4.133017361164093018e-02	-3.703700378537178040e-02	-1.001577004790306091e-01	2.142396010458469391e-02	-6.623522192239761353e-02	-6.337105296552181244e-03	4.260525852441787720e-02	6.632404774427413940e-02	2.464880235493183136e-02	-4.975489526987075806e-02	8.089942485094070435e-02	1.904174126684665680e-02	2.175100892782211304e-02	-9.352770633995532990e-03	3.167105093598365784e-02	3.035320900380611420e-03	1.291945017874240875e-02
3.449235484004020691e-02	-2.908671461045742035e-02	2.976738661527633667e-02	1.436078920960426331e-02	6.615608930587768555e-02	-1.585616916418075562e-02	-4.188417270779609680e-02	-8.449674583971500397e-03	-5.750324577093124390e-02	-1.953913085162639618e-02	5.065961182117462158e-02	1.103627029806375504e-02	5.491154640913009644e-02	-1.479940395802259445e-02	9.153706952929496765e-03	3.709025681018829346e-02	4.260070272721350193e-04	-1.978872716426849365e-02	-4.717828333377838135e-02	2.031408622860908508e-02
4.927042871713638306e-02	4.888141527771949768e-02	8.771891146898269653e-02	-4.992117360234260559e-02	-2.231945283710956573e-02	3.424461232498288155e-03	9.715612046420574188e-03	-2.697934769093990326e-02	1.649272814393043518e-02	-2.109909616410732269e-02	6.578625738620758057e-02	-6.701833102852106094e-03	-4.538442194461822510e-02	9.736438095569610596e-02	2.049042470753192902e-02	2.662712335586547852e-02	1.696985960006713867e-02	-2.509518153965473175e-02	-4.220854118466377258e-02	-1.071165725588798523e-01
-2.349756658077239990e-03	2.651747874915599823e-02	-2.418042533099651337e-02	-9.928426705300807953e-03	1.382067799568176270e-01	4.219499230384826660e-02	2.909767441451549530e-02	2.057823911309242249e-02	-4.698300361633300781e-02	-4.574717581272125244e-02	2.955995034426450729e-03	-3.896227478981018066e-02	1.983124203979969025e-02	4.994178935885429382e-02	8.807928860187530518e-02	8.507578074932098389e-02	1.142877638339996338e-01	-1.070039868354797363e-01	-3.131614252924919128e-02	4.348562285304069519e-02
7.526851445436477661e-02	1.797143071889877319e-01	-4.872314631938934326e-02	1.301299547776579857e-03	-2.441829256713390350e-02	-1.394031196832656860e-02	-5.963057652115821838e-02	6.379304081201553345e-02	1.774365454912185669e-02	4.232180491089820862e-02	-4.090284928679466248e-02	6.107725948095321655e-02	2.104909531772136688e-02	7.904590666294097900e-02	-6.936576962471008301e-02	2.968768402934074402e-02	-1.131940409541130066e-01	-2.178038842976093292e-02	5.219102278351783752e-02	-2.414381504058837891e-02
7.290071249008178711e-02	1.602676324546337128e-02	1.144556701183319092e-01	5.069749802350997925e-02	-5.733479280024766922e-03	-2.374473586678504944e-02	-7.750531192868947983e-03	-7.091014087200164795e-02	9.706035256385803223e-02	1.088362094014883041e-02	1.029115077108144760e-02	5.007148161530494690e-02	3.413949161767959595e-02	-2.546342648565769196e-02	-4.567966982722282410e-02	1.428465452045202255e-02	9.421749040484428406e-03	-3.142195940017700195e-02	6.445642560720443726e-03	-4.778059199452400208e-02
9.568441659212112427e-02	-5.203142389655113220e-02	1.184997707605361938e-02	-2.042296808212995529e-03	1.558427000418305397e-03	-8.132673799991607666e-02	3.947054967284202576e-02	1.866301149129867554e-02	-1.552896015346050262e-02	1.621768623590469360e-02	-1.465767435729503632e-02	2.428429946303367615e-02	4.218173772096633911e-02	7.508595474064350128e-03	2.401802921667695045e-03	3.481563553214073181e-02	-2.129567041993141174e-02	-5.219688266515731812e-02	2.117947675287723541e-02	5.347112193703651428e-03
9.625204652547836304e-02	1.055569797754287720e-01	-7.549701631069183350e-02	7.103972136974334717e-02	-5.772500485181808472e-02	2.169414609670639038e-02	8.776783943176269531e-04	7.131714373826980591e-02	-2.919785678386688232e-02	-2.340668998658657074e-02	4.303076490759849548e-02	3.279700130224227905e-02	2.627112343907356262e-02	-2.583676017820835114e-02	4.879670590162277222e-02	-6.940250843763351440e-02	8.513098955154418945e-02	1.378235965967178345e-01	1.670925877988338470e-02	-5.249982699751853943e-02
1.953320205211639404e-02	-8.531143516302108765e-02	5.427613109350204468e-02	-3.705009073019027710e-02	2.080077677965164185e-02	9.417003951966762543e-03	-1.596099697053432465e-02	-2.252090349793434143e-02	3.990259021520614624e-02	3.175869584083557129e-02	4.416052252054214478e-02	2.619908889755606651e-03	1.614209637045860291e-02	1.367619447410106659e-02	-5.044272541999816895e-02	-1.340898033231496811e-02	-1.847457513213157654e-02	-2.796705625951290131e-02	4.086523782461881638e-03	-3.100259602069854736e-02
4.058295115828514099e-02	7.513820379972457886e-02	1.022430807352066040e-01	1.641932176426053047e-03	-2.686446718871593475e-02	-2.301926165819168091e-02	-1.598749682307243347e-02	-4.481065273284912109e-02	8.616338670253753662e-02	-2.963731251657009125e-02	1.271201577037572861e-02	-1.261148154735565186e-01	-3.635037317872047424e-02	-9.593643248081207275e-03	5.043395794928073883e-03	1.131076738238334656e-02	-1.195496995933353901e-03	1.515066949650645256e-03	-6.661792844533920288e-02	2.825287915766239166e-02
-1.338615640997886658e-02	-9.610373526811599731e-02	-1.416285242885351181e-02	-4.097704589366912842e-02	1.003238409757614136e-01	1.440375596284866333e-01	-1.990235410630702972e-02	-8.164856582880020142e-02	-4.260709509253501892e-02	-2.033525146543979645e-03	1.057328581809997559e-01	5.510775372385978699e-02	-1.373605709522962570e-02	9.019865095615386963e-02	-7.451049983501434326e-02	1.010825186967849731e-01	3.510186076164245605e-02	-1.062513068318367004e-01	3.466212004423141479e-02	7.331442087888717651e-03
2.155820652842521667e-02	6.364585459232330322e-02	-3.040005825459957123e-02	8.146936073899269104e-03	1.298496872186660767e-02	5.119820125401020050e-04	8.429029956459999084e-03	7.215554267168045044e-02	1.518788654357194901e-02	-4.521810915321111679e-04	1.178476680070161819e-02	-9.461828321218490601e-02	5.762284249067306519e-02	8.217402501031756401e-04	6.615924090147018433e-02	-2.422499842941761017e-02	-2.313107019290328026e-03	-1.559119950979948044e-02	5.235670600086450577e-03	5.448237061500549316e-02
4.200719296932220459e-03	-6.104372814297676086e-02	6.540876626968383789e-02	-1.530150026082992554e-01	5.967420060187578201e-03	1.164121553301811218e-02	-1.064185332506895065e-02	-5.483993142843246460e-02	-3.580664470791816711e-02	1.027195993810892105e-02	-1.138821840286254883e-01	2.073235251009464264e-02	8.135712891817092896e-02	2.953529357910156250e-02	1.858348958194255829e-02	-6.036954000592231750e-02	-1.352884434163570404e-02	1.743331737816333771e-02	-2.708039991557598114e-02	7.092443853616714478e-02
2.902867039665579796e-03	-4.745085909962654114e-02	-2.562733739614486694e-02	-4.441513493657112122e-02	3.066981025040149689e-02	-1.005316376686096191e-01	6.278333067893981934e-02	2.578370831906795502e-02	2.135619707405567169e-02	-2.547451294958591461e-03	-1.921686576679348946e-03	-5.463856831192970276e-02	-4.286425188183784485e-03	1.542916148900985718e-02	3.709121048450469971e-02	2.397964708507061005e-03	2.635948732495307922e-02	-8.300920575857162476e-02	3.208395093679428101e-02	-1.124510169029235840e-02
1.003457531332969666e-01	1.488913297653198242e-01	-4.827490821480751038e-02	-2.097357809543609619e-02	-7.232164964079856873e-03	3.469456359744071960e-02	-1.445684675127267838e-02	1.170670613646507263e-01	1.897339150309562683e-02	-3.351370571181178093e-03	1.110441703349351883e-02	5.732357036322355270e-03	-4.893277212977409363e-02	8.293274790048599243e-02	2.984676393680274487e-04	-5.600016191601753235e-02	-8.939056098461151123e-02	-4.688460379838943481e-02	1.612854376435279846e-02	-1.675387918949127197e-01
1.614813506603240967e-02	1.505428180098533630e-02	-8.621644973754882812e-02	1.057448517531156540e-02	7.571830879896879196e-03	2.701448649168014526e-02	-1.160417944192886353e-01	6.443135440349578857e-02	-9.083193540573120117e-02	1.126466095447540283e-01	-2.422138862311840057e-02	-1.448133029043674469e-02	1.015208940953016281e-02	4.644443094730377197e-02	8.318462222814559937e-02	8.574154227972030640e-02	-2.995246322825551033e-03	7.048903498798608780e-03	-4.528795555233955383e-02	-9.057578630745410919e-03
1.190879270434379578e-01	2.378636784851551056e-02	-4.111437499523162842e-02	-1.101052481681108475e-02	-6.145329400897026062e-02	-3.042081929743289948e-02	9.660274535417556763e-02	4.195928573608398438e-02	5.404924228787422180e-02	2.910603396594524384e-02	-2.320522069931030273e-02	-5.521533265709877014e-02	4.365807399153709412e-03	6.227270513772964478e-02	2.791762724518775940e-02	-6.422614306211471558e-02	-5.707811564207077026e-02	-5.424282327294349670e-02	2.530368231236934662e-02	7.163297384977340698e-02
2.318707667291164398e-02	5.732506886124610901e-02	-1.621266244910657406e-03	-1.400805562734603882e-01	3.643940761685371399e-02	-4.658593982458114624e-02	-6.111938133835792542e-02	1.069893762469291687e-01	9.192883223295211792e-02	8.748401701450347900e-02	8.773602545261383057e-02	-1.101203784346580505e-01	9.725842624902725220e-02	-6.437515467405319214e-02	-1.058824267238378525e-02	9.359457343816757202e-02	1.160155329853296280e-02	-2.001768536865711212e-02	-9.496663697063922882e-03	7.227752357721328735e-02
-1.508306432515382767e-02	-1.321969926357269287e-01	1.094405772164463997e-03	8.440725505352020264e-02	9.975839406251907349e-02	1.191318780183792114e-01	-3.482203930616378784e-03	-3.221081942319869995e-02	-6.224934011697769165e-03	-4.560458660125732422e-02	-1.204648241400718689e-02	1.053178906440734863e-01	-9.834519028663635254e-02	9.013048559427261353e-02	-2.790947631001472473e-02	1.161377318203449249e-02	9.777665138244628906e-02	-4.823080077767372131e-02	-3.266971791163086891e-03	1.300224810838699341e-01
-3.614662587642669678e-02	-3.995647653937339783e-02	2.750636264681816101e-02	9.380289167165756226e-02	8.628439158201217651e-02	2.596149221062660217e-02	-6.252973806113004684e-03	2.149597974494099617e-03	8.420727401971817017e-02	-4.563469067215919495e-02	-6.363615393638610840e-02	-1.214512623846530914e-02	-1.189674530178308487e-02	-1.018140241503715515e-01	-2.000359818339347839e-02	-3.738869726657867432e-02	1.129034087061882019e-01	4.009611532092094421e-02	8.446104824542999268e-02	1.715871691703796387e-01
-1.951928138732910156e-01	-7.975612580776214600e-02	-1.236086115241050720e-01	-2.112761605530977249e-03	3.851968795061111450e-02	-1.878031343221664429e-01	2.636442147195339203e-02	-4.326970875263214111e-02	5.951241403818130493e-02	-1.158205717802047729e-01	1.343505382537841797e-01	-4.467867687344551086e-02	-1.098674535751342773e-01	1.317796111106872559e-01	-5.028075352311134338e-02	-1.131359562277793884e-01	7.422566413879394531e-02	2.682752674445509911e-03	-6.023600324988365173e-02	5.416958779096603394e-02
8.105621673166751862e-03	-5.325721204280853271e-02	-2.596847414970397949e-01	-9.054799377918243408e-02	-2.376368828117847443e-02	1.833060383796691895e-01	2.471870332956314087e-01	-2.052364945411682129e-01	1.471539437770843506e-01	-2.552385330200195312e-01	1.856772042810916901e-02	-1.298267394304275513e-01	-1.876116544008255005e-01	-1.362510621547698975e-01	-3.052206151187419891e-02	4.202567338943481445e-01	-2.309339940547943115e-01	2.380176037549972534e-01	-3.482389077544212341e-02	-5.662955809384584427e-03
-3.375296946614980698e-03	3.639768576249480247e-03	1.068940013647079468e-02	5.793886259198188782e-02	3.027071803808212280e-02	1.569419167935848236e-02	5.002686381340026855e-02	6.174946576356887817e-02	-6.847435235977172852e-02	-1.017667353153228760e-01	-4.909725859761238098e-02	-1.156506240367889404e-01	8.265282213687896729e-02	-4.708979651331901550e-02	9.723360836505889893e-02	-8.294878900051116943e-02	-2.578826434910297394e-02	-1.399272587150335312e-02	-3.737270087003707886e-02	-1.300826296210289001e-02
1.186996474862098694e-01	-6.821139156818389893e-02	-5.149171501398086548e-02	2.488518506288528442e-02	-1.106966733932495117e-01	1.792765967547893524e-02	7.746272534132003784e-02	-7.359211891889572144e-02	-6.952541321516036987e-02	2.152692340314388275e-02	-4.776598885655403137e-02	-2.355645410716533661e-02	5.904647521674633026e-03	-3.056061454117298126e-02	-4.033606126904487610e-02	-8.994770795106887817e-02	-3.782923892140388489e-02	-3.980404511094093323e-02	4.087037220597267151e-02	-3.088543564081192017e-02
1.146700698882341385e-02	1.501994132995605469e-01	3.679489344358444214e-02	-1.116571016609668732e-02	5.786642432212829590e-02	7.165541872382164001e-03	3.869735449552536011e-02	-8.526969701051712036e-02	5.697578191757202148e-03	-4.862776026129722595e-02	-9.174877405166625977e-02	7.851647585630416870e-02	-6.775730848312377930e-02	-1.995928771793842316e-02	5.121111497282981873e-02	9.145432710647583008e-02	-5.638258997350931168e-03	-1.847972124814987183e-01	-1.531395614147186279e-01	-9.247611276805400848e-03
8.556091040372848511e-02	7.233670353889465332e-02	8.963536471128463745e-02	-3.446929901838302612e-02	-1.997805200517177582e-02	8.298505097627639771e-03	4.537298157811164856e-02	-4.007411748170852661e-02	-1.635743491351604462e-02	-6.880785524845123291e-02	7.386664301156997681e-02	-7.642704248428344727e-02	-7.624543458223342896e-02	9.306042641401290894e-02	5.141389742493629456e-02	-3.345042467117309570e-02	-3.511084243655204773e-02	3.330656513571739197e-02	-8.336345851421356201e-02	-7.138510793447494507e-02
8.566918782889842987e-03	1.506616547703742981e-02	3.110818006098270416e-02	2.955747768282890320e-02	8.504445850849151611e-02	-2.186453528702259064e-02	3.275715513154864311e-03	4.477233067154884338e-02	1.182650774717330933e-02	2.439067699015140533e-02	7.570775691419839859e-03	-4.569797217845916748e-02	3.766271844506263733e-02	-8.206145465373992920e-02	-5.564455408602952957e-03	3.774412721395492554e-02	3.743947483599185944e-03	1.291111577302217484e-02	1.599914766848087311e-02	-5.424623377621173859e-03
-9.909956902265548706e-02	5.412481352686882019e-02	6.999417394399642944e-02	-5.916291475296020508e-02	5.699610337615013123e-03	6.279685348272323608e-02	-8.355836570262908936e-02	2.784989178180694580e-01	-1.028714627027511597e-01	-2.360006272792816162e-01	-2.793253632262349129e-03	-9.652263671159744263e-02	-1.779598593711853027e-01	9.193502366542816162e-02	-9.276697412133216858e-03	7.171711325645446777e-02	-4.533395543694496155e-02	4.049953073263168335e-02	6.500327959656715393e-03	-8.627720922231674194e-02
3.046838566660881042e-02	-8.169150352478027344e-02	-1.009668316692113876e-02	-1.485895663499832153e-01	2.559887059032917023e-02	-2.413160912692546844e-02	3.078743815422058105e-02	-4.584088921546936035e-02	-4.199403896927833557e-02	5.870903655886650085e-02	-8.857108652591705322e-02	-7.751233875751495361e-02	9.774269163608551025e-02	6.608464289456605911e-03	1.389758754521608353e-02	-3.702172776684165001e-03	-4.660620912909507751e-02	1.013800385408103466e-03	4.497726447880268097e-03	4.861390218138694763e-02
3.558891592547297478e-03	4.431992769241333008e-02	5.114022269845008850e-02	-3.544759750366210938e-02	-1.791000925004482269e-02	-1.701007224619388580e-02	3.576778247952461243e-02	-2.645791694521903992e-02	3.328096121549606323e-02	5.876181274652481079e-02	1.723663695156574249e-02	1.263914853334426880e-01	-2.561577409505844116e-02	7.197687029838562012e-02	-2.262022532522678375e-02	3.815415129065513611e-02	-1.038644835352897644e-02	-3.645448386669158936e-02	4.034045711159706116e-02	-4.851122945547103882e-02
-1.148533597588539124e-01	5.631723627448081970e-02	6.035926192998886108e-02	3.874080628156661987e-02	-4.459740594029426575e-02	-1.316729746758937836e-02	3.433816507458686829e-02	5.991428345441818237e-02	5.094078369438648224e-03	-1.773743517696857452e-02	-3.537281975150108337e-02	-1.536556929349899292e-01	6.381858140230178833e-02	-4.220085591077804565e-02	4.004396498203277588e-03	-4.887178912758827209e-02	1.525844354182481766e-02	6.333227455615997314e-02	9.314483404159545898e-02	4.766842350363731384e-02
5.426849424839019775e-02	3.147821500897407532e-02	-2.682015672326087952e-02	-2.949803881347179413e-02	5.948392301797866821e-02	3.085134737193584442e-02	-4.119602497667074203e-03	1.214068606495857239e-01	2.539994427934288979e-03	7.045736163854598999e-02	4.051981866359710693e-02	5.509672686457633972e-02	-8.729881606996059418e-03	9.089367836713790894e-02	-4.701733216643333435e-02	2.175028435885906219e-02	-3.925352543592453003e-02	-2.850742451846599579e-02	-1.214955118484795094e-03	9.239463508129119873e-02
1.141252834349870682e-02	2.419749647378921509e-02	-7.047128863632678986e-03	7.433681190013885498e-02	-9.428045153617858887e-02	8.677102625370025635e-02	-8.759657293558120728e-02	4.151460155844688416e-02	-1.558434963226318359e-01	-1.348833590745925903e-01	-8.201353996992111206e-02	5.017216783016920090e-03	1.268496215343475342e-01	1.474350243806838989e-01	1.620791405439376831e-01	-1.641546376049518585e-02	1.250858884304761887e-02	3.426396101713180542e-02	-5.017664656043052673e-02	-7.690577954053878784e-02
-8.698739856481552124e-02	4.425479099154472351e-03	-1.077558696269989014e-01	-2.246611751616001129e-02	2.252740561962127686e-01	4.758295044302940369e-02	1.692777499556541443e-02	1.428818330168724060e-02	5.918640270829200745e-02	7.455933839082717896e-02	5.381386354565620422e-02	-9.795775264501571655e-02	-4.328007996082305908e-02	-1.540411859750747681e-01	-2.110046893358230591e-02	-2.253422327339649200e-02	5.511512979865074158e-02	-1.643320471048355103e-01	-1.109488587826490402e-02	-8.916171640157699585e-02
1.411427706480026245e-01	1.702988706529140472e-02	-3.010148182511329651e-02	1.946521736681461334e-02	-2.625959552824497223e-02	-1.352767273783683777e-02	2.707002498209476471e-02	3.208544850349426270e-02	5.210267752408981323e-02	3.675922751426696777e-02	-1.371835265308618546e-02	1.137110888957977295e-01	-8.056840300559997559e-02	5.979534238576889038e-02	-3.883656859397888184e-02	-4.987751320004463196e-02	-9.640236385166645050e-03	-5.685570184141397476e-03	7.028497755527496338e-02	7.670341432094573975e-02
1.295882556587457657e-02	5.919986590743064880e-02	-7.514645904302597046e-02	-2.657240070402622223e-02	-3.000954538583755493e-02	1.279663145542144775e-01	7.073502987623214722e-02	1.084441095590591431e-01	2.688562497496604919e-02	-8.125741779804229736e-02	1.319014430046081543e-01	3.933275863528251648e-02	-6.723479181528091431e-02	1.214194577187299728e-02	9.293968230485916138e-02	-1.434467881917953491e-01	1.340623050928115845e-01	3.731710463762283325e-02	-3.706865012645721436e-02	2.373423986136913300e-02
-7.485969364643096924e-02	2.844257839024066925e-02	7.062675803899765015e-02	8.475348353385925293e-02	2.963196113705635071e-02	1.969921588897705078e-02	1.370349079370498657e-01	-2.092487551271915436e-02	2.265473827719688416e-03	4.986798763275146484e-02	-1.142364274710416794e-02	4.236518591642379761e-02	1.167673710733652115e-02	2.799569629132747650e-03	-4.386079963296651840e-03	-1.991705223917961121e-02	-5.282404273748397827e-02	-2.979892492294311523e-02	4.577117413282394409e-02	6.621161848306655884e-02
3.903512656688690186e-02	-6.648820824921131134e-03	4.318398889154195786e-03	8.236441016197204590e-02	-2.998190931975841522e-02	-4.995785653591156006e-02	-6.158328428864479065e-02	-2.730503492057323456e-02	-9.279731661081314087e-02	-4.824664071202278137e-02	-2.610412426292896271e-02	-1.603033393621444702e-01	3.199033811688423157e-02	6.327889859676361084e-02	-1.309949811547994614e-02	-4.055686667561531067e-02	-1.792460307478904724e-02	2.874537929892539978e-02	3.709447383880615234e-02	-6.532255560159683228e-03
1.539668887853622437e-01	-6.952408701181411743e-02	-1.960011012852191925e-02	2.029659971594810486e-02	-3.273058310151100159e-02	-2.891128137707710266e-02	7.481664419174194336e-02	-1.953230611979961395e-02	-4.067306220531463623e-02	-3.527041897177696228e-02	5.495064426213502884e-03	-2.061254717409610748e-02	2.670199051499366760e-02	-1.085820794105529785e-02	7.766866683959960938e-02	-1.793822832405567169e-02	6.742409896105527878e-03	4.028681665658950806e-02	-1.367791090160608292e-02	2.995385415852069855e-02
8.627774566411972046e-02	-4.915902391076087952e-02	5.766653269529342651e-02	-2.528194524347782135e-02	-1.834240555763244629e-02	3.342040255665779114e-02	8.359057828783988953e-03	4.097962751984596252e-02	9.528507944196462631e-04	-2.879680134356021881e-02	4.258447140455245972e-02	2.223282679915428162e-02	-9.345267713069915771e-02	4.842665791511535645e-02	2.742251567542552948e-02	-2.263307012617588043e-02	2.935626730322837830e-02	2.762732468545436859e-02	-8.079684525728225708e-02	1.474112421274185181e-01
-5.042730271816253662e-02	-1.355397514998912811e-02	3.538550436496734619e-02	3.064279071986675262e-02	2.493303641676902771e-02	-3.434907644987106323e-02	5.723213404417037964e-02	-1.111461035907268524e-02	2.983141317963600159e-02	-8.614963851869106293e-03	5.683829542249441147e-03	-3.510417416691780090e-02	4.794142395257949829e-02	-7.512738555669784546e-02	8.686912246048450470e-03	-6.946844980120658875e-03	9.158208221197128296e-02	7.136983424425125122e-02	1.893548062071204185e-03	3.300074860453605652e-02
-4.107553884387016296e-02	-6.239933520555496216e-02	1.913665980100631714e-02	6.665651500225067139e-02	-5.758910439908504486e-03	-2.366026164963841438e-03	-5.488535389304161072e-02	4.103173688054084778e-02	2.847763709723949432e-02	-5.733711272478103638e-02	-6.046427413821220398e-02	-1.511078774929046631e-01	6.061816588044166565e-03	7.749928534030914307e-02	-5.411294475197792053e-02	2.555476315319538116e-02	8.869789540767669678e-02	7.916208356618881226e-02	1.677503623068332672e-02	3.017713688313961029e-02
2.610081061720848083e-02	-5.141540989279747009e-02	1.578876078128814697e-01	2.338814549148082733e-02	5.667094141244888306e-02	-5.374454194679856300e-04	-1.030428241938352585e-02	-3.827319666743278503e-02	7.988081872463226318e-02	9.630313143134117126e-03	-7.399497553706169128e-03	1.085419729351997375e-01	-9.008897095918655396e-02	-1.731012761592864990e-02	8.041264489293098450e-03	-5.034095793962478638e-02	-8.385680615901947021e-03	5.164436623454093933e-02	9.134299034485593438e-05	3.660025075078010559e-03
1.395087838172912598e-01	-6.352601200342178345e-02	-1.713403686881065369e-02	-3.929242119193077087e-02	-2.064414694905281067e-02	-2.976621873676776886e-02	3.943523764610290527e-02	1.636815629899501801e-02	-6.463793572038412094e-03	4.876768216490745544e-02	3.029191493988037109e-02	-2.585248462855815887e-02	-2.230161800980567932e-02	-1.441183872520923615e-02	2.643347904086112976e-02	-2.468873374164104462e-02	-4.961915314197540283e-02	6.215550377964973450e-02	4.297779500484466553e-02	-2.758053131401538849e-02
1.263812035322189331e-01	7.233725488185882568e-02	-2.532493770122528076e-01	1.229715719819068909e-01	-1.096416637301445007e-01	8.391478657722473145e-02	7.324557006359100342e-02	-1.702394038438796997e-01	1.238184422254562378e-01	2.698437869548797607e-02	-1.288523972034454346e-01	-8.366599678993225098e-02	-1.215241923928260803e-01	2.399373240768909454e-02	-1.982480883598327637e-01	-1.058900803327560425e-01	4.561435058712959290e-02	1.123808976262807846e-02	8.896786719560623169e-03	9.669668972492218018e-03
-6.956926733255386353e-02	-6.391339749097824097e-02	-1.209158971905708313e-01	-1.061294153332710266e-01	1.199626252055168152e-01	-9.521575272083282471e-02	3.388819983229041100e-03	1.338673988357186317e-03	-4.538079723715782166e-03	1.132854297757148743e-01	5.798708274960517883e-02	-2.611408941447734833e-03	-7.718138396739959717e-02	1.041684076189994812e-01	2.009890228509902954e-02	2.253350056707859039e-02	-3.089802339673042297e-02	-1.739647984504699707e-02	3.865519538521766663e-02	1.126837357878684998e-01
2.255001291632652283e-02	-1.647894456982612610e-02	1.481009125709533691e-01	7.268409710377454758e-03	7.995823770761489868e-02	-4.088512621819972992e-03	3.709873557090759277e-02	5.107522476464509964e-03	6.731663644313812256e-02	-1.844315789639949799e-02	7.844101637601852417e-03	-6.733803078532218933e-03	-3.070751205086708069e-02	-4.308279021643102169e-04	-2.689314074814319611e-03	-1.822857372462749481e-02	-3.887825086712837219e-02	-6.327859312295913696e-02	-3.067355975508689880e-02	-1.224221102893352509e-02
-9.173192828893661499e-02	-1.338873505592346191e-01	-8.894535154104232788e-02	-1.886893063783645630e-02	6.313838809728622437e-02	1.793036013841629028e-01	-4.328243667259812355e-04	-4.746980220079421997e-02	-5.301793292164802551e-02	-8.007604628801345825e-02	4.393853992223739624e-02	-3.811635822057723999e-02	8.402571827173233032e-02	5.850600451231002808e-02	-5.716460943222045898e-02	1.112909764051437378e-01	4.678104817867279053e-02	5.145869776606559753e-02	-1.906040310859680176e-01	2.143575809895992279e-02
-4.090913105756044388e-03	8.983553387224674225e-03	1.106190383434295654e-01	5.053061991930007935e-03	1.918362826108932495e-02	4.574390500783920288e-02	-3.358631581068038940e-02	1.473093591630458832e-02	5.909772124141454697e-03	-1.620224490761756897e-02	5.480172112584114075e-02	-7.625593990087509155e-02	-7.550425827503204346e-02	3.309381753206253052e-02	-3.678062558174133301e-02	6.517082452774047852e-03	-6.311778910458087921e-03	6.260582804679870605e-02	6.229344010353088379e-02	-7.925698906183242798e-02
-1.205332651734352112e-01	-5.888356268405914307e-02	-2.699634619057178497e-02	-1.033786162734031677e-01	-1.551066190004348755e-01	6.745149195194244385e-02	3.787117451429367065e-02	4.977088421583175659e-03	-1.749374717473983765e-01	-6.110388785600662231e-02	1.075403671711683273e-02	1.182308644056320190e-01	8.224557386711239815e-04	4.866209253668785095e-02	6.051026657223701477e-02	-4.317525401711463928e-02	1.259848028421401978e-01	1.363788731396198273e-03	3.848918154835700989e-02	-5.130376294255256653e-02
1.764217950403690338e-02	-6.012732535600662231e-02	7.250159233808517456e-02	-7.397931069135665894e-02	1.479359529912471771e-02	2.309601195156574249e-02	-1.110561285167932510e-02	-7.080265134572982788e-02	4.335190355777740479e-02	4.152751341462135315e-02	-5.360753461718559265e-02	5.136708542704582214e-02	3.793420910369604826e-04	3.219752013683319092e-02	-3.153512254357337952e-02	-2.773243561387062073e-02	-5.253098905086517334e-03	4.141550138592720032e-02	2.621636353433132172e-02	3.718556091189384460e-02
-1.043882966041564941e-01	-8.579766750335693359e-02	-2.366176247596740723e-02	4.279273003339767456e-02	-1.923418231308460236e-02	-1.139715984463691711e-01	2.059549791738390923e-03	6.658316124230623245e-03	5.456002056598663330e-02	5.776294693350791931e-02	2.044374495744705200e-02	-6.959651410579681396e-02	-7.899314910173416138e-02	1.424859017133712769e-01	-1.948450808413326740e-04	-5.585334822535514832e-02	-4.593240842223167419e-02	1.179793477058410645e-01	2.696572430431842804e-02	8.900479972362518311e-02
6.987552158534526825e-03	1.038158759474754333e-01	1.792993210256099701e-02	5.610035359859466553e-02	1.810312457382678986e-02	1.851510815322399139e-02	-5.410005897283554077e-02	-5.515772849321365356e-02	-1.103741303086280823e-01	-1.304859519004821777e-01	-4.784550145268440247e-02	-2.386618964374065399e-02	8.863089233636856079e-02	3.291999176144599915e-02	5.653797462582588196e-02	-1.767465658485889435e-02	3.239164501428604126e-02	-1.211995705962181091e-01	-8.968251943588256836e-02	1.226886361837387085e-01
-5.886373296380043030e-02	8.418824523687362671e-02	-3.093568794429302216e-02	5.779891833662986755e-02	9.068821556866168976e-03	8.338999003171920776e-02	2.931349538266658783e-02	1.410583555698394775e-01	-1.049438863992691040e-01	-2.317965924739837646e-01	-1.558811366558074951e-01	-1.292680650949478149e-01	-5.107430741190910339e-02	1.220381185412406921e-01	4.842837527394294739e-02	-1.253114640712738037e-01	-8.421443402767181396e-02	-1.626419574022293091e-01	1.468480825424194336e-01	1.464651376008987427e-01
-4.475381970405578613e-02	8.129131793975830078e-02	-4.374412447214126587e-02	4.896879196166992188e-02	5.977787822484970093e-02	3.479271382093429565e-02	-5.078737065196037292e-02	-7.487382739782333374e-02	-2.674717083573341370e-02	-1.144729182124137878e-01	1.334053091704845428e-02	-1.974546611309051514e-01	1.565976440906524658e-01	-3.400922054424881935e-03	4.759086295962333679e-02	3.212880343198776245e-03	1.209322735667228699e-01	-1.526591777801513672e-01	5.554234981536865234e-02	7.821626216173171997e-02
-1.478510946035385132e-01	-2.673486061394214630e-02	5.299469456076622009e-02	-6.240622699260711670e-02	-3.444989398121833801e-02	2.555403113365173340e-02	6.097742170095443726e-02	2.036331780254840851e-02	-3.367944806814193726e-02	2.626668848097324371e-02	7.172191981226205826e-04	3.953620046377182007e-02	-2.891272492706775665e-02	-1.209178846329450607e-02	5.035091936588287354e-02	-2.426310442388057709e-02	-2.362764440476894379e-02	-9.518507868051528931e-02	-3.047296404838562012e-02	6.495077162981033325e-02
-1.123887300491333008e-01	7.238616049289703369e-02	6.843448616564273834e-03	7.088580727577209473e-02	-8.539430052042007446e-02	2.123605459928512573e-02	1.470351368188858032e-01	-4.237873107194900513e-02	7.498471532016992569e-03	1.256430447101593018e-01	8.126159757375717163e-02	-6.579637993127107620e-03	1.061019524931907654e-01	1.215308010578155518e-01	-4.596137907356023788e-03	8.910051733255386353e-02	6.278678774833679199e-02	-1.212650444358587265e-02	4.354819655418395996e-02	1.195954680442810059e-01
-7.190605252981185913e-02	-1.221715435385704041e-01	9.608101099729537964e-03	2.446455135941505432e-02	-1.758676022291183472e-01	1.117234826087951660e-01	-5.047655478119850159e-02	5.910140275955200195e-02	-1.693933387286961079e-03	3.167751431465148926e-02	-4.162416234612464905e-02	7.069139182567596436e-02	2.841868437826633453e-03	-5.251165479421615601e-02	-1.177053600549697876e-01	6.388653069734573364e-02	1.026521176099777222e-01	-1.860117018222808838e-01	-8.409834653139114380e-02	-3.633565083146095276e-02
1.388978399336338043e-02	6.675325334072113037e-02	-2.656949684023857117e-02	-1.573126390576362610e-02	-9.786181151866912842e-03	-3.152718022465705872e-02	1.572419404983520508e-01	-2.153073996305465698e-02	-1.676315814256668091e-02	3.156043216586112976e-02	2.004769816994667053e-02	-4.812540113925933838e-02	1.199860051274299622e-01	6.963798403739929199e-02	2.506768703460693359e-02	1.597306504845619202e-02	2.627359703183174133e-02	-7.986774295568466187e-02	-1.230514869093894958e-01	-5.103254318237304688e-02
1.502933260053396225e-02	1.763335913419723511e-01	-2.075005695223808289e-02	-8.164499700069427490e-02	-1.309108287096023560e-01	-1.590355187654495239e-01	-1.161167584359645844e-02	-6.598425656557083130e-02	5.550602078437805176e-02	8.213124237954616547e-03	-1.432932075113058090e-02	7.133881747722625732e-02	-1.829134859144687653e-02	1.547603309154510498e-01	-2.078495919704437256e-02	1.232140064239501953e-01	-1.776307239197194576e-03	-4.379706829786300659e-02	-1.289664953947067261e-02	7.028834521770477295e-02
5.723267327994108200e-03	3.149151429533958435e-02	-5.535749718546867371e-02	-1.088761016726493835e-01	-2.240248620510101318e-01	1.364140026271343231e-02	-1.760373711585998535e-01	-4.678575322031974792e-03	-4.104553535580635071e-02	-8.171878755092620850e-02	-8.663552999496459961e-02	1.034496426582336426e-01	1.396166384220123291e-01	-5.921542644500732422e-02	7.837274670600891113e-02	4.728342220187187195e-02	7.456376403570175171e-02	1.111397333443164825e-02	-8.711671084165573120e-02	1.257006227970123291e-01
-8.921772241592407227e-02	-1.449126005172729492e-01	-1.017716750502586365e-01	2.400563955307006836e-01	-8.440730720758438110e-02	5.972743034362792969e-02	-6.859651207923889160e-02	2.430678112432360649e-03	5.218503475189208984e-01	5.275636538863182068e-02	-9.718049317598342896e-02	4.429975152015686035e-02	2.061975449323654175e-01	1.849461048841476440e-01	4.349178969860076904e-01	-1.151157617568969727e-01	-2.102803885936737061e-01	-1.159258931875228882e-01	-1.758819818496704102e-01	6.264916062355041504e-02
-1.645388752222061157e-01	6.830945611000061035e-02	8.420022577047348022e-02	1.152158901095390320e-01	-5.168027803301811218e-02	4.350194707512855530e-02	1.898977756500244141e-01	5.252027511596679688e-02	-1.659005321562290192e-02	6.771212816238403320e-02	-3.701791912317276001e-02	6.529757380485534668e-02	1.150635108351707458e-01	-3.889116644859313965e-02	-5.368582531809806824e-02	9.536289609968662262e-03	-5.364065244793891907e-02	5.873938277363777161e-02	2.935578115284442902e-03	6.367197632789611816e-02
-3.419008105993270874e-02	2.443634122610092163e-01	2.054392173886299133e-02	-2.640302293002605438e-02	1.339688664302229881e-03	-2.850319258868694305e-02	2.546590939164161682e-02	-8.177570253610610962e-02	2.169767022132873535e-01	-1.904716156423091888e-02	1.943796686828136444e-02	-1.565037965774536133e-01	9.124267101287841797e-02	-1.371997594833374023e-01	-7.277337461709976196e-02	9.966281801462173462e-02	1.580362170934677124e-01	-1.922551542520523071e-01	-6.654333323240280151e-02	-2.025093585252761841e-01
-7.883400470018386841e-02	-1.538574602454900742e-02	-9.264155477285385132e-02	-2.736494503915309906e-02	-1.306945830583572388e-02	-2.125434726476669312e-01	1.528312219306826591e-03	-3.765001520514488220e-02	2.705865772441029549e-03	-3.543200716376304626e-02	5.282370746135711670e-02	6.805938202887773514e-03	-6.412551552057266235e-02	5.689035728573799133e-02	-2.014452591538429260e-02	3.413929045200347900e-02	1.052453927695751190e-02	-8.484338223934173584e-02	8.475765585899353027e-03	5.633587017655372620e-02
3.129295632243156433e-02	-7.558280229568481445e-02	5.678272992372512817e-02	2.484797872602939606e-02	-2.883131243288516998e-02	-3.323019295930862427e-02	5.076944828033447266e-02	-2.822751551866531372e-02	-6.472600251436233521e-02	5.003955587744712830e-02	-4.180542379617691040e-02	5.003038421273231506e-02	2.200875617563724518e-02	3.005214221775531769e-02	7.754354272037744522e-03	-1.207138225436210632e-02	1.369887962937355042e-02	-4.479322955012321472e-02	-1.099363993853330612e-02	3.888550773262977600e-02
-1.355671137571334839e-01	9.900949150323867798e-02	-1.170367226004600525e-01	-6.103105843067169189e-02	-3.454653173685073853e-02	-2.114910036325454712e-01	-1.103276386857032776e-01	1.341857668012380600e-02	-4.559308663010597229e-02	-1.511529088020324707e-01	-6.545580178499221802e-02	1.731608062982559204e-01	2.461941353976726532e-02	-1.227370277047157288e-01	-4.488131776452064514e-02	7.679466903209686279e-02	-7.838706672191619873e-02	-9.239204972982406616e-02	-1.015229336917400360e-02	1.502294838428497314e-02
1.082430873066186905e-02	6.030877120792865753e-03	8.926454186439514160e-02	6.949601322412490845e-02	-4.567904025316238403e-02	-2.848098240792751312e-02	4.341690614819526672e-02	-2.216940000653266907e-02	6.477219611406326294e-02	5.626543611288070679e-02	1.464396342635154724e-02	1.004672423005104065e-01	4.157042130827903748e-02	-4.242621362209320068e-02	3.490482631605118513e-04	1.394538395106792450e-02	1.854901388287544250e-02	1.113737076520919800e-01	2.969456650316715240e-02	6.054013967514038086e-02
-7.532611489295959473e-02	3.180190920829772949e-02	1.292179375886917114e-01	-9.251234680414199829e-02	1.679408848285675049e-01	3.444874659180641174e-02	-1.335963793098926544e-02	-6.281017512083053589e-02	-7.819716632366180420e-02	-8.173951506614685059e-02	9.342136792838573456e-03	-2.715033479034900665e-02	-1.142838522791862488e-01	-5.054309964179992676e-02	1.123017966747283936e-01	-1.843749582767486572e-01	-2.202281504869461060e-01	-4.574444890022277832e-02	-4.247359931468963623e-02	8.576771616935729980e-02
-1.041983589529991150e-01	-6.273467093706130981e-02	2.684283256530761719e-02	-4.412365332245826721e-02	-7.882788032293319702e-02	4.409464448690414429e-02	9.678402543067932129e-02	2.441234514117240906e-02	-6.740304082632064819e-02	2.469220012426376343e-02	4.242313560098409653e-03	1.393213588744401932e-02	-3.963392972946166992e-02	-4.346757754683494568e-02	-1.745385304093360901e-02	-3.627242892980575562e-02	3.075607866048812866e-02	-1.048304885625839233e-01	2.229423448443412781e-02	-4.018837586045265198e-03
-2.336380779743194580e-01	7.023803889751434326e-02	-5.853248387575149536e-02	2.955410070717334747e-02	1.094518881291151047e-02	8.315226994454860687e-03	1.874739378690719604e-01	7.877456024289131165e-03	-9.677904099225997925e-02	3.923094272613525391e-02	1.138885691761970520e-01	1.279252232052385807e-03	1.016757190227508545e-01	4.639036208391189575e-02	1.076267063617706299e-01	2.600954100489616394e-02	6.965462118387222290e-02	1.458326280117034912e-01	5.694784224033355713e-02	-7.180911302566528320e-02
3.432940691709518433e-02	1.213705018162727356e-01	-3.649989888072013855e-02	6.135803181678056717e-03	1.095760464668273926e-01	6.598993390798568726e-02	-1.889695227146148682e-02	7.196276634931564331e-02	-5.889586359262466431e-02	-1.491053961217403412e-02	1.124310567975044250e-01	1.142754331231117249e-01	3.691475838422775269e-02	-1.315255612134933472e-01	4.723892733454704285e-02	-1.473716348409652710e-01	1.342391818761825562e-01	1.367185357958078384e-02	-2.267382889986038208e-01	6.617282330989837646e-02
-1.826763749122619629e-01	-8.219797909259796143e-02	-1.393834203481674194e-01	5.318884551525115967e-02	-1.227408833801746368e-02	-1.477637588977813721e-01	-8.328177779912948608e-02	-3.897022828459739685e-02	4.232067242264747620e-02	-6.706760078668594360e-02	1.448399722576141357e-01	-5.559901893138885498e-02	-4.368687048554420471e-02	9.090035222470760345e-03	-1.498764008283615112e-01	-2.908181548118591309e-01	3.111394494771957397e-02	9.331366419792175293e-02	-2.875879406929016113e-01	-1.413414329290390015e-01
3.281807526946067810e-02	1.583970785140991211e-01	9.472156316041946411e-02	1.870108023285865784e-02	-6.569220870733261108e-02	-4.934097826480865479e-02	8.281923830509185791e-02	-1.391648203134536743e-01	6.157796084880828857e-02	5.365149583667516708e-03	1.841597817838191986e-02	8.403004705905914307e-02	-3.825436159968376160e-02	-9.300841391086578369e-02	-5.482254177331924438e-02	4.894481226801872253e-02	1.695330813527107239e-02	8.764333277940750122e-02	-1.368669867515563965e-01	1.550324261188507080e-01
-6.447848677635192871e-02	2.824428863823413849e-02	-1.668997108936309814e-02	-6.455566734075546265e-03	3.749572485685348511e-02	-7.524641603231430054e-02	3.410607576370239258e-02	1.317470520734786987e-01	-6.388354301452636719e-02	-7.791762799024581909e-02	8.443695493042469025e-03	-1.561175286769866943e-01	1.024372279644012451e-01	-9.542371332645416260e-02	6.758297234773635864e-02	5.310742557048797607e-02	4.911492392420768738e-02	1.185091510415077209e-01	8.155547082424163818e-02	2.708045952022075653e-02
-3.830241411924362183e-02	5.120458081364631653e-02	-1.309845689684152603e-02	-2.419783473014831543e-01	1.638361066579818726e-02	7.541608810424804688e-02	-4.317544773221015930e-02	-1.736089289188385010e-01	3.008569218218326569e-02	6.022506207227706909e-02	-1.956076174974441528e-01	5.533310025930404663e-02	8.698966354131698608e-02	2.106476575136184692e-02	-1.697811484336853027e-02	-1.008311584591865540e-01	2.643698081374168396e-02	8.456367999315261841e-02	-9.967838414013385773e-03	2.700903685763478279e-03
-1.192908966913819313e-03	-6.691855937242507935e-02	-1.329535841941833496e-01	-6.112944707274436951e-02	7.773844897747039795e-02	1.262358874082565308e-01	1.243319585919380188e-01	-1.155785769224166870e-01	1.321854651905596256e-03	-3.203436732292175293e-02	5.728665739297866821e-02	1.434837467968463898e-02	-1.803248375654220581e-02	4.294562153518199921e-03	4.864733293652534485e-02	3.857152536511421204e-02	1.595020294189453125e-02	6.684714555740356445e-02	-1.535962373018264771e-01	-1.199267059564590454e-01
-1.655197590589523315e-01	6.358649581670761108e-02	4.586139321327209473e-02	1.019350290298461914e-01	-7.013271003961563110e-02	2.295126579701900482e-02	1.760392189025878906e-01	6.576252728700637817e-02	1.271446980535984039e-02	6.907659769058227539e-02	3.729894757270812988e-02	5.751353129744529724e-02	1.384706348180770874e-01	-2.730258740484714508e-02	1.096761971712112427e-02	7.230184972286224365e-02	6.180421635508537292e-02	1.350093483924865723e-01	9.252216666936874390e-02	-3.823723271489143372e-02
5.921611934900283813e-02	6.294382363557815552e-02	6.941062211990356445e-02	-7.044995576143264771e-02	-7.468201965093612671e-02	1.387395989149808884e-02	3.627586737275123596e-02	3.759895265102386475e-02	4.772210121154785156e-02	-4.201174899935722351e-02	4.089548811316490173e-02	-5.834903195500373840e-02	-4.650731384754180908e-02	8.114268630743026733e-02	8.167883753776550293e-02	-3.629798814654350281e-02	-9.407066740095615387e-03	7.345572113990783691e-02	-4.523871839046478271e-02	-3.089982457458972931e-02
-5.642952397465705872e-02	1.096297334879636765e-02	-2.542690932750701904e-02	-2.929634042084217072e-02	-1.678109914064407349e-02	-1.765564382076263428e-01	-2.500613592565059662e-02	-4.272080585360527039e-02	-9.155445150099694729e-04	-5.153606832027435303e-02	-8.801951073110103607e-03	1.035178229212760925e-01	-7.356222718954086304e-02	7.308074273169040680e-03	4.266571253538131714e-02	2.121542813256382942e-03	7.231055200099945068e-02	1.581898704171180725e-02	-1.375573687255382538e-02	7.306916266679763794e-02
1.173690613359212875e-02	2.986166626214981079e-02	-6.892359256744384766e-02	1.639539003372192383e-01	5.163570120930671692e-02	4.373289272189140320e-02	-7.433120161294937134e-02	-8.379352092742919922e-02	-4.429715871810913086e-02	2.950005792081356049e-02	-4.031500220298767090e-02	2.914507128298282623e-02	-2.594147250056266785e-02	-5.247577279806137085e-02	-5.151347443461418152e-02	-8.808378875255584717e-02	1.202149763703346252e-01	1.118122413754463196e-01	-1.649866066873073578e-02	5.704974383115768433e-02
3.344264253973960876e-02	-5.963698774576187134e-02	-6.456439942121505737e-02	2.814651653170585632e-02	4.330907389521598816e-02	-3.743072971701622009e-02	4.320882633328437805e-02	1.401039306074380875e-02	-6.067756190896034241e-02	-2.727005071938037872e-02	9.637016919441521168e-04	-1.672024428844451904e-01	1.290229111909866333e-01	4.274975880980491638e-02	6.641986966133117676e-02	-5.917394161224365234e-02	7.850174792110919952e-03	6.216794252395629883e-02	-2.764941565692424774e-02	2.652448229491710663e-02
-1.070616468787193298e-01	-2.397048985585570335e-03	-5.130279064178466797e-02	3.159905597567558289e-02	-9.629579260945320129e-03	-1.446940451860427856e-01	-1.725929602980613708e-02	8.845274336636066437e-03	4.834580793976783752e-02	-1.310671269893646240e-01	-1.319405622780323029e-02	1.759581118822097778e-01	-6.415342446416616440e-03	-1.647425591945648193e-01	4.567356407642364502e-02	-6.762763857841491699e-02	4.175797104835510254e-02	6.773605197668075562e-02	-5.897711031138896942e-03	1.580708920955657959e-01
2.616619877517223358e-02	1.144137904047966003e-01	1.292070150375366211e-01	-4.001388326287269592e-02	-1.752999238669872284e-02	5.897083133459091187e-02	2.419872023165225983e-02	-1.525201741605997086e-02	6.307647377252578735e-02	-1.085482835769653320e-01	6.031313166022300720e-02	-8.696852624416351318e-02	-1.375016272068023682e-01	1.194612607359886169e-01	8.926636725664138794e-02	-5.573154613375663757e-02	3.484002873301506042e-02	-6.142269074916839600e-02	-7.742797583341598511e-02	-2.603493817150592804e-02
-1.355100702494382858e-02	2.654529735445976257e-02	-1.006169915199279785e-01	-3.457985818386077881e-03	3.968691453337669373e-03	-1.785504817962646484e-01	-3.962540999054908752e-02	-5.188638344407081604e-02	-5.004475824534893036e-03	-1.952825486660003662e-02	-9.622743725776672363e-02	-2.029499411582946777e-02	-6.698678433895111084e-02	9.560962021350860596e-02	1.067526731640100479e-02	4.660828784108161926e-02	3.948111459612846375e-02	-1.712366193532943726e-02	4.694706574082374573e-02	4.646707326173782349e-02
-2.792136743664741516e-02	-3.670956939458847046e-02	-6.104455143213272095e-02	8.661294728517532349e-02	1.291517820209264755e-02	9.040483832359313965e-02	-1.060688793659210205e-01	1.652991212904453278e-02	2.939715236425399780e-02	3.824163973331451416e-02	6.563145667314529419e-02	2.687316387891769409e-03	5.684349313378334045e-02	9.674771875143051147e-02	7.408893108367919922e-02	4.997229576110839844e-02	2.366932481527328491e-01	8.409772999584674835e-04	3.383228555321693420e-02	2.041720598936080933e-02
9.451165795326232910e-02	-7.360133528709411621e-02	2.520003356039524078e-02	6.377232819795608521e-02	-1.908672228455543518e-02	-9.215323626995086670e-02	6.323559675365686417e-03	3.466357156867161393e-05	-2.604058757424354553e-02	4.380797967314720154e-02	-1.394209568388760090e-03	-9.599015116691589355e-02	5.779011547565460205e-02	-3.423152491450309753e-02	2.706612832844257355e-02	1.009073015302419662e-02	1.517522707581520081e-02	6.751874089241027832e-02	3.508582338690757751e-02	5.314775276929140091e-03
-1.120683550834655762e-01	-1.209343075752258301e-01	-1.931477896869182587e-02	1.197099760174751282e-01	8.700302988290786743e-02	1.190607249736785889e-02	-1.517235040664672852e-01	1.591316983103752136e-02	1.369275599718093872e-01	2.168077602982521057e-02	-2.581073343753814697e-01	5.949652194976806641e-02	1.558641716837882996e-02	-6.564314011484384537e-03	-1.907072961330413818e-02	9.263712167739868164e-02	-7.983540743589401245e-02	9.294359385967254639e-02	2.324068173766136169e-02	-1.554784774780273438e-01
4.955917596817016602e-03	1.931873708963394165e-02	-4.596485197544097900e-02	1.516189519315958023e-02	-1.084689125418663025e-01	1.140696406364440918e-01	-3.050881624221801758e-01	-3.462739288806915283e-01	-1.452690921723842621e-02	-1.798514723777770996e-01	4.425995945930480957e-01	5.112985521554946899e-02	1.992510110139846802e-01	-5.375789478421211243e-02	1.271948814392089844e-01	-2.723381482064723969e-02	-1.251043230295181274e-01	1.726411469280719757e-02	4.464083611965179443e-01	-1.225488074123859406e-02
1.294606365263462067e-02	7.048859447240829468e-02	5.702070146799087524e-02	6.834823638200759888e-02	-8.341730386018753052e-02	-2.104462124407291412e-02	3.712021559476852417e-02	-7.575394958257675171e-02	-1.359456181526184082e-01	1.535985022783279419e-01	2.869960106909275055e-02	1.195270754396915436e-02	-4.442344978451728821e-02	-3.940842580050230026e-03	7.117841392755508423e-03	2.199553884565830231e-02	-5.687583982944488525e-02	-3.873764723539352417e-02	3.892153874039649963e-02	-8.129069581627845764e-03
-1.111558452248573303e-02	1.399838924407958984e-02	3.881025314331054688e-02	-1.509660948067903519e-02	-8.197903633117675781e-02	-9.135549515485763550e-02	-3.847765177488327026e-02	-1.656897552311420441e-02	6.177804432809352875e-03	1.386947371065616608e-02	-9.293828159570693970e-02	1.493516378104686737e-03	5.338700115680694580e-02	5.767636001110076904e-02	5.576204042881727219e-03	6.260693818330764771e-02	-2.544116787612438202e-02	4.515926353633403778e-03	4.521246999502182007e-03	9.285629540681838989e-02
8.378563076257705688e-02	-4.112424328923225403e-02	8.328709751367568970e-02	-1.998569816350936890e-02	2.039234153926372528e-02	-5.499254912137985229e-02	4.666356369853019714e-02	1.714767143130302429e-02	1.409795600920915604e-02	6.562757771462202072e-03	3.288357518613338470e-03	-4.348111525177955627e-02	2.756416611373424530e-02	2.537941327318549156e-03	3.580261021852493286e-02	2.658907510340213776e-02	-1.974054239690303802e-02	4.582937341183423996e-03	-2.019355259835720062e-02	2.016456052660942078e-02
4.285718873143196106e-02	-3.623507544398307800e-02	7.959683239459991455e-02	1.043167058378458023e-02	3.389417380094528198e-02	-4.065601900219917297e-02	-3.499599173665046692e-02	-5.119928345084190369e-02	-4.644579812884330750e-02	1.923772692680358887e-02	4.007267765700817108e-03	-3.178420662879943848e-02	-1.022120099514722824e-02	1.950962655246257782e-02	-2.432691864669322968e-02	7.975860685110092163e-02	1.723857596516609192e-02	-1.302389148622751236e-02	-1.141804736107587814e-02	-2.691512741148471832e-02
1.632164791226387024e-02	8.534105867147445679e-02	-2.068473249673843384e-01	-8.323215879499912262e-03	1.083868145942687988e-01	1.126930862665176392e-01	-2.830084878951311111e-03	1.327919661998748779e-01	-4.324978683143854141e-03	1.138223633170127869e-01	3.784969076514244080e-02	4.438540711998939514e-02	4.243877250701189041e-03	6.148622557520866394e-02	-7.811824977397918701e-02	-7.755246758460998535e-02	-9.254907816648483276e-02	6.611800193786621094e-02	1.301617175340652466e-02	5.920384824275970459e-02
-1.000134199857711792e-01	5.634376034140586853e-02	-7.368666678667068481e-02	2.960466593503952026e-02	-8.829364180564880371e-02	4.167824983596801758e-02	-2.543793618679046631e-01	-1.849773153662681580e-02	-1.042446121573448181e-01	4.221192300319671631e-01	8.357968926429748535e-02	-1.828814595937728882e-01	-3.508185148239135742e-01	-2.339224517345428467e-01	3.615432083606719971e-01	1.180761605501174927e-01	-5.491737276315689087e-02	-3.857230069115757942e-03	-7.278139889240264893e-02	9.111095964908599854e-02
9.008860588073730469e-02	1.415037065744400024e-01	-1.029303595423698425e-01	-2.890502661466598511e-02	-6.831399630755186081e-03	-1.998203247785568237e-02	-2.344485372304916382e-02	1.397825479507446289e-01	3.137037530541419983e-02	7.017159461975097656e-02	-1.150701288133859634e-02	5.198817700147628784e-02	5.606927350163459778e-02	1.065830606967210770e-02	-5.440435558557510376e-02	-1.429473794996738434e-02	-1.257265359163284302e-01	4.171215370297431946e-02	2.557660266757011414e-02	-1.035731956362724304e-01
1.132944598793983459e-02	-6.887242663651704788e-03	-1.471135951578617096e-02	9.425696730613708496e-02	-4.049887508153915405e-02	2.083363756537437439e-02	-1.856259554624557495e-01	-2.428482323884963989e-01	-1.727535724639892578e-01	9.121004492044448853e-02	-3.340095654129981995e-02	-1.500789225101470947e-01	5.617443844676017761e-02	4.781046137213706970e-02	-1.109973192214965820e-01	-2.491845339536666870e-01	-8.639606088399887085e-02	2.309283055365085602e-02	-1.387618035078048706e-01	-1.356948614120483398e-01
5.422633141279220581e-03	1.184168606996536255e-01	7.247176952660083771e-03	9.508380293846130371e-02	-1.918223872780799866e-02	7.849541306495666504e-02	-1.175618451088666916e-02	-9.100731462240219116e-02	-1.274558752775192261e-01	-4.018587619066238403e-02	1.554431617259979248e-01	-9.980307519435882568e-02	1.221240162849426270e-01	9.936634451150894165e-02	-2.761620581150054932e-01	1.573649048805236816e-01	-2.529777884483337402e-01	-1.478322148323059082e-01	-2.470392733812332153e-01	2.754850089550018311e-01
-4.495448898524045944e-03	1.471847854554653168e-02	1.126319319009780884e-01	8.474427461624145508e-02	6.248049437999725342e-02	6.205742247402667999e-04	-1.858498714864253998e-02	-1.807483285665512085e-02	5.858566984534263611e-02	2.438770979642868042e-02	-2.913585677742958069e-02	-2.575223334133625031e-02	2.194625698029994965e-02	-4.323155432939529419e-02	-4.230352118611335754e-02	4.979773610830307007e-02	-1.817576214671134949e-02	-4.837397113442420959e-02	4.770269617438316345e-03	7.916862145066261292e-03
6.832459568977355957e-02	-6.735734641551971436e-02	5.415568500757217407e-02	-9.274174273014068604e-02	1.071333140134811401e-02	-5.886223912239074707e-02	2.363017015159130096e-02	-5.002387985587120056e-02	2.532179234549403191e-03	5.402833595871925354e-02	-5.020488798618316650e-02	-2.557882666587829590e-02	1.153977885842323303e-01	-9.718099609017372131e-03	7.515453267842531204e-03	-8.553533814847469330e-03	-3.513211011886596680e-02	2.128055132925510406e-02	-1.270809862762689590e-02	-1.061387918889522552e-02
2.650116011500358582e-02	-5.558962374925613403e-02	7.690266519784927368e-02	2.292858809232711792e-02	6.459405273199081421e-02	-8.521622978150844574e-03	-5.189626011997461319e-03	-9.668029844760894775e-03	1.591692864894866943e-02	2.759203687310218811e-02	3.636306524276733398e-02	6.976263970136642456e-02	4.255607351660728455e-02	4.501907620579004288e-03	3.050809167325496674e-02	5.296712741255760193e-03	1.964203082025051117e-02	-6.621907651424407959e-02	-3.850349783897399902e-02	-3.907646983861923218e-02
9.344042092561721802e-02	5.125741288065910339e-02	-1.225302964448928833e-01	6.846874952316284180e-02	2.599557675421237946e-02	3.435105085372924805e-02	-3.409824892878532410e-02	-6.714097689837217331e-03	5.732865631580352783e-02	1.047695279121398926e-01	-5.981549620628356934e-02	5.357673857361078262e-03	-1.340472791343927383e-02	-3.027566708624362946e-03	-3.220537677407264709e-02	-9.739715605974197388e-02	-2.764450013637542725e-02	-1.865020394325256348e-02	1.201587542891502380e-01	4.953510314226150513e-02
-5.468410253524780273e-02	2.555507421493530273e-02	-1.618434935808181763e-01	3.348906338214874268e-02	2.444618046283721924e-01	4.015845432877540588e-02	-7.779298722743988037e-02	-5.187741667032241821e-02	6.400657445192337036e-02	1.414857506752014160e-01	6.289364304393529892e-03	1.010766439139842987e-02	-5.215631052851676941e-02	-6.958866119384765625e-02	-1.049925982952117920e-01	1.142619401216506958e-01	5.204986035823822021e-02	-1.464831680059432983e-01	5.338491126894950867e-02	1.235078740864992142e-02
-4.789568483829498291e-02	4.560846462845802307e-02	1.017598211765289307e-01	-2.592679299414157867e-02	5.535894632339477539e-02	6.730627268552780151e-02	7.411599508486688137e-04	1.005377918481826782e-01	9.574846923351287842e-02	-2.417071163654327393e-02	3.365791961550712585e-02	-3.366839140653610229e-02	7.916677277535200119e-04	9.381942218169569969e-04	2.574366889894008636e-02	-1.105699315667152405e-02	-3.873815760016441345e-02	3.309716284275054932e-02	3.680856153368949890e-02	-1.997687481343746185e-02
-1.909510046243667603e-02	8.926090784370899200e-03	1.284661293029785156e-01	-8.169262856245040894e-02	-3.149433434009552002e-02	3.911953791975975037e-02	-5.981487035751342773e-02	6.491853389889001846e-03	5.531720444560050964e-02	2.249775081872940063e-02	-8.612132631242275238e-03	-7.893204689025878906e-03	-1.938070356845855713e-02	4.516215622425079346e-02	-1.777282357215881348e-02	1.159040164202451706e-02	4.423854872584342957e-02	9.520742110908031464e-03	-3.086809813976287842e-02	-2.344942092895507812e-02
8.080931752920150757e-02	2.830008976161479950e-02	5.170031636953353882e-02	1.596649922430515289e-02	1.098843198269605637e-02	-1.775087602436542511e-02	2.148360759019851685e-02	-9.048988111317157745e-03	1.975837163627147675e-02	7.935530738905072212e-04	-1.728313229978084564e-02	1.971267722547054291e-02	7.404637522995471954e-03	2.636400796473026276e-02	-6.243821699172258377e-03	7.547233719378709793e-03	-2.606949955224990845e-02	-4.702307283878326416e-02	1.142385508865118027e-02	1.504418067634105682e-02
