2.773741073906421661e-02	8.669673465192317963e-03	5.738993361592292786e-02	6.566163618117570877e-03
8.853320032358169556e-03	-2.670407528057694435e-03	4.470157623291015625e-02	2.135036047548055649e-03
4.039366915822029114e-02	-7.025118172168731689e-02	5.551686882972717285e-02	-1.139748143032193184e-03
8.048303425312042236e-03	2.691562101244926453e-02	1.776241883635520935e-02	1.813556067645549774e-02
4.466224834322929382e-02	-2.558249421417713165e-02	-8.360859006643295288e-02	3.519538044929504395e-02
7.366286125034093857e-03	-3.162660077214241028e-02	2.874891646206378937e-02	1.240142155438661575e-02
7.540760189294815063e-02	3.354476392269134521e-02	-4.852849990129470825e-02	2.863314189016819000e-02
1.023940648883581161e-02	-5.021947994828224182e-02	-9.588825702667236328e-02	2.645899169147014618e-02
-8.590561151504516602e-02	4.047399759292602539e-02	-1.432569045573472977e-02	-2.320097293704748154e-03
-6.767945736646652222e-02	2.909816801548004150e-02	-3.142815828323364258e-02	4.059432446956634521e-02
-9.054399281740188599e-02	6.967518129386007786e-04	-2.396617643535137177e-02	2.246736176311969757e-02
-3.134893625974655151e-02	-1.034990623593330383e-01	4.401344060897827148e-02	1.509187519550323486e-01
1.789350062608718872e-02	-8.704297989606857300e-02	4.988401755690574646e-02	-5.093584582209587097e-02
6.122906878590583801e-02	-3.353989124298095703e-02	-9.863658249378204346e-02	1.454546581953763962e-04
-8.293958753347396851e-02	9.706156700849533081e-02	6.609347183257341385e-04	-9.287762455642223358e-03
3.404956683516502380e-02	1.846537739038467407e-02	-4.762571677565574646e-02	2.728394046425819397e-02
-8.908044546842575073e-03	3.475461527705192566e-02	3.025067597627639771e-02	4.347466304898262024e-02
7.517587859183549881e-03	3.269518539309501648e-02	6.462062150239944458e-02	5.129482131451368332e-03
4.438433051109313965e-02	2.965088933706283569e-02	-5.974930897355079651e-02	-8.773303590714931488e-03
3.864070773124694824e-02	-2.764748409390449524e-02	4.346663504838943481e-02	2.499237284064292908e-02
-2.137210778892040253e-02	5.109742283821105957e-02	3.824067860841751099e-02	2.420760318636894226e-02
4.626465030014514923e-03	-1.242674738168716431e-01	4.756575822830200195e-02	8.245731145143508911e-02
1.601171679794788361e-02	6.858029216527938843e-02	2.364112064242362976e-03	1.549082994461059570e-02
6.451142486184835434e-03	-1.170792058110237122e-01	-8.385017514228820801e-02	-1.468149274587631226e-01
4.330687969923019409e-02	1.748483628034591675e-02	5.457302182912826538e-02	4.875554516911506653e-02
4.719327390193939209e-02	-2.338952943682670593e-02	4.709636420011520386e-02	-2.838730253279209137e-02
2.858695201575756073e-02	-4.058740101754665375e-03	5.179281905293464661e-02	-1.886610686779022217e-02
1.589876599609851837e-02	3.745450451970100403e-02	-3.053738549351692200e-02	1.490541384555399418e-03
1.867110095918178558e-02	-1.935943029820919037e-02	5.539332702755928040e-02	4.515504930168390274e-03
4.175990354269742966e-03	1.570020243525505066e-02	5.295801907777786255e-02	-8.027032017707824707e-03
4.019895568490028381e-02	-6.742206402122974396e-03	4.652834683656692505e-02	9.572798386216163635e-03
2.760648727416992188e-02	3.760751336812973022e-02	5.935404449701309204e-02	1.969312131404876709e-02
4.830041900277137756e-02	5.478661507368087769e-03	4.430704563856124878e-02	5.331973358988761902e-02
5.917778611183166504e-02	-5.712048616260290146e-03	-5.537986010313034058e-02	-1.282924134284257889e-02
5.196869000792503357e-02	1.937594637274742126e-02	-6.502501666545867920e-02	-4.977111704647541046e-03
2.136932313442230225e-02	6.292965263128280640e-03	-8.207011222839355469e-02	1.297029387205839157e-02
-9.715915471315383911e-02	6.573896110057830811e-02	8.556604385375976562e-03	2.830004505813121796e-02
4.962182044982910156e-02	3.568968176841735840e-02	-3.215016052126884460e-02	5.374357849359512329e-02
1.368894241750240326e-02	-2.194468863308429718e-02	-7.699090987443923950e-02	-1.560942921787500381e-02
5.486649274826049805e-02	2.981155924499034882e-02	-2.246849797666072845e-02	4.537131637334823608e-02
1.675049960613250732e-02	4.359448328614234924e-02	6.987154483795166016e-02	4.700548574328422546e-02
1.813565753400325775e-02	3.032792545855045319e-02	-3.932984918355941772e-02	3.186368942260742188e-02
-1.936137326993048191e-03	4.769115149974822998e-02	-3.704487159848213196e-02	4.593770951032638550e-02
5.788244679570198059e-02	-1.638988964259624481e-02	-1.000062301754951477e-01	3.660778701305389404e-02
2.746871672570705414e-02	-6.609272211790084839e-02	3.979712352156639099e-02	-2.068703994154930115e-02
4.316441342234611511e-02	1.467246003448963165e-02	-4.742868617177009583e-02	-7.186959846876561642e-04
2.176990546286106110e-02	-3.830173239111900330e-02	2.194206416606903076e-02	-5.909614992560818791e-05
-3.753075434360653162e-04	9.642968885600566864e-03	5.441112071275711060e-02	6.421788129955530167e-03
-9.023363143205642700e-02	6.885478645563125610e-02	2.914421958848834038e-03	-6.573265790939331055e-02
-1.185912936925888062e-01	-1.687821298837661743e-01	-5.027595907449722290e-02	3.926673829555511475e-01
4.094306752085685730e-02	4.513015970587730408e-02	-3.151590004563331604e-02	9.659226983785629272e-02
1.573950983583927155e-02	-3.418716788291931152e-02	6.116903945803642273e-02	-1.238803938031196594e-02
2.296055667102336884e-02	1.553520374000072479e-02	4.504266381263732910e-02	5.733892321586608887e-03
6.846562027931213379e-02	2.010605670511722565e-02	-5.873570591211318970e-02	3.555070608854293823e-02
3.707651793956756592e-02	-1.569699868559837341e-02	4.818391427397727966e-02	-1.595043810084462166e-03
3.281860053539276123e-02	2.268379740417003632e-02	5.517873913049697876e-02	-1.557154860347509384e-02
4.880610108375549316e-02	1.121842581778764725e-02	-6.070364639163017273e-02	1.196235325187444687e-02
1.966990716755390167e-02	1.531619299203157425e-02	5.640175938606262207e-02	1.368184946477413177e-02
1.135169249027967453e-02	1.160070020705461502e-02	-5.035569891333580017e-02	1.816380769014358521e-02
-8.338139206171035767e-02	3.986874595284461975e-02	-1.125629991292953491e-02	7.583975791931152344e-03
1.900604739785194397e-02	3.788522630929946899e-02	-5.070815607905387878e-02	5.217501427978277206e-03
-2.217280119657516479e-02	1.187702640891075134e-03	1.206186134368181229e-02	-1.952121499925851822e-03
-1.199601888656616211e-01	-8.050566911697387695e-02	-5.725912749767303467e-02	-5.027973651885986328e-02
9.817757643759250641e-03	-1.326830964535474777e-02	4.803167656064033508e-02	6.662560044787824154e-04
-8.598688244819641113e-02	2.245736867189407349e-02	-1.736517623066902161e-02	1.871269755065441132e-02
2.468593977391719818e-02	1.038930262438952923e-03	4.540770873427391052e-02	1.099297869950532913e-02
1.300713513046503067e-02	2.964879851788282394e-03	-5.107830464839935303e-02	1.066537108272314072e-02
2.678050287067890167e-02	-2.576015144586563110e-02	5.367281660437583923e-02	-3.073912113904953003e-03
1.611092686653137207e-02	-8.697706274688243866e-03	2.609776705503463745e-02	-5.521120503544807434e-03
8.060521632432937622e-02	3.114427812397480011e-02	-7.666265964508056641e-02	-4.571623355150222778e-02
-8.388530462980270386e-02	-9.237691015005111694e-02	-1.947591640055179596e-02	-7.074100524187088013e-02
7.025048136711120605e-02	-1.556503702886402607e-04	-7.499143481254577637e-02	4.301498457789421082e-02
5.443911254405975342e-02	-3.418288007378578186e-02	-8.070733398199081421e-02	2.591215074062347412e-02
3.490634262561798096e-02	4.925887915305793285e-04	5.302764475345611572e-02	3.137178253382444382e-03
-6.141969002783298492e-03	-3.225518763065338135e-02	5.597231164574623108e-02	-1.501413993537425995e-02
2.506463043391704559e-02	1.466015074402093887e-02	-5.524193868041038513e-02	9.913858026266098022e-03
1.956734620034694672e-02	-7.579363882541656494e-02	2.806413173675537109e-02	2.951607294380664825e-02
6.819416582584381104e-02	5.102058406919240952e-03	-9.680112451314926147e-02	-1.954211853444576263e-02
3.726799041032791138e-02	2.782267984002828598e-03	6.454356014728546143e-02	-7.453966420143842697e-03
-9.197033941745758057e-02	3.587395697832107544e-02	-1.436563325114548206e-03	-9.265320375561714172e-03
-1.206024587154388428e-01	-1.064716428518295288e-01	-6.055406481027603149e-02	1.806414574384689331e-01
-6.934627890586853027e-02	2.329892106354236603e-02	1.127333566546440125e-02	-9.359677322208881378e-03
-7.194399088621139526e-02	-5.957280099391937256e-02	-3.869971632957458496e-02	6.345177441835403442e-02
-1.005130410194396973e-01	-6.202660501003265381e-02	-5.664246901869773865e-02	-1.996134817600250244e-01
4.865206032991409302e-02	-2.345746569335460663e-02	3.197097778320312500e-02	-2.341290004551410675e-03
1.284510083496570587e-02	-3.101238980889320374e-02	5.404408276081085205e-02	-2.232567965984344482e-02
5.840563029050827026e-02	-4.598863422870635986e-02	-9.678842872381210327e-02	1.282520871609449387e-02
2.641192637383937836e-02	-2.388007752597332001e-02	4.321366921067237854e-02	2.903087623417377472e-02
-9.048333764076232910e-02	6.511180661618709564e-03	3.634209511801600456e-03	-7.008648663759231567e-02
1.853670738637447357e-02	-1.861135102808475494e-02	7.535775005817413330e-02	-4.206159617751836777e-03
5.509943515062332153e-02	-4.340201988816261292e-02	3.996881470084190369e-02	1.487425342202186584e-02
3.792260214686393738e-02	8.366416208446025848e-03	-5.413512513041496277e-02	-7.147446274757385254e-03
-2.861229144036769867e-02	-1.655146032571792603e-01	1.955213211476802826e-02	1.950079649686813354e-01
-1.005312725901603699e-01	1.020782813429832458e-02	1.281536556780338287e-02	-2.822301350533962250e-02
-8.446704596281051636e-02	-9.403225034475326538e-02	-2.226973325014114380e-02	-4.365091770887374878e-02
3.594831749796867371e-02	-5.433347448706626892e-02	2.983744628727436066e-02	-1.190738752484321594e-02
3.111614659428596497e-02	-1.762443920597434044e-03	3.335432335734367371e-02	-7.465406786650419235e-03
4.817537218332290649e-02	-1.017353031784296036e-02	-9.839183092117309570e-02	1.824803650379180908e-02
1.558880507946014404e-02	-6.537568289786577225e-03	3.694702312350273132e-02	-1.045988406985998154e-02
-9.533230960369110107e-02	1.995357125997543335e-02	-2.102787047624588013e-02	-3.779008612036705017e-02
-8.313591778278350830e-02	-4.355932027101516724e-02	-4.989351332187652588e-02	6.192743033170700073e-02
5.090719833970069885e-02	1.273718662559986115e-02	-5.657480284571647644e-02	1.424193102866411209e-02
2.744900994002819061e-02	3.212033212184906006e-02	1.657560840249061584e-02	-5.010980181396007538e-03
1.193667389452457428e-02	2.832277864217758179e-02	-5.585207417607307434e-02	-7.097058463841676712e-03
4.166477918624877930e-02	-4.301984980702400208e-02	3.698837757110595703e-02	-5.622491240501403809e-03
4.305657744407653809e-02	-6.683432962745428085e-03	-7.555769383907318115e-02	1.439749263226985931e-02
3.000015020370483398e-02	-1.444618403911590576e-02	4.936530813574790955e-02	1.178584620356559753e-02
2.324538491666316986e-02	-5.511634051799774170e-02	2.415984496474266052e-02	-2.049080329015851021e-03
2.433042973279953003e-02	3.218326717615127563e-02	4.260017350316047668e-02	2.814960852265357971e-02
-9.291445463895797729e-02	4.979357589036226273e-03	-8.665813133120536804e-03	-5.302117019891738892e-02
-9.274473786354064941e-02	4.866486042737960815e-02	-1.070064958184957504e-02	-1.429318170994520187e-02
-7.675185054540634155e-02	6.993676722049713135e-02	-2.656404487788677216e-02	1.889874972403049469e-02
3.564534941688179970e-03	2.492512390017509460e-02	5.834973603487014771e-02	-8.882956579327583313e-03
5.727323889732360840e-02	1.345125865191221237e-02	-6.338915973901748657e-02	1.882108487188816071e-02
-1.029536575078964233e-01	1.928334124386310577e-02	-4.562831018120050430e-03	3.625551238656044006e-02
3.908051922917366028e-02	1.569772697985172272e-02	5.613221228122711182e-02	8.992426097393035889e-03
3.202695399522781372e-02	6.449337117373943329e-03	3.888277709484100342e-02	4.796184133738279343e-03
7.492638379335403442e-02	1.332391705363988876e-02	-8.207499235868453979e-02	-3.545907512307167053e-02
6.592393852770328522e-03	-3.861549077555537224e-03	5.268446728587150574e-02	-8.604040369391441345e-03
4.959587822668254375e-04	2.198637649416923523e-02	6.638435274362564087e-02	-1.974762417376041412e-02
6.629775743931531906e-03	-3.663294389843940735e-02	3.014888800680637360e-02	-7.812091615051031113e-03
-9.144546091556549072e-02	1.833651959896087646e-02	-1.048368960618972778e-02	4.949375241994857788e-02
1.308150496333837509e-02	-3.490033373236656189e-02	3.948075324296951294e-02	3.212955594062805176e-02
1.818295754492282867e-02	-7.315511256456375122e-02	5.065488070249557495e-02	-8.038890361785888672e-02
-9.860330075025558472e-02	4.390054382383823395e-03	-6.035387516021728516e-03	2.946512214839458466e-02
1.391928084194660187e-02	5.289969220757484436e-02	-3.346892446279525757e-02	6.240753829479217529e-02
4.003332182765007019e-02	4.077350348234176636e-02	-6.068715825676918030e-02	5.875921808183193207e-03
1.296376343816518784e-02	-4.600094258785247803e-02	-1.014216244220733643e-01	5.826776102185249329e-02
-9.159150719642639160e-02	1.714206486940383911e-02	-3.637637570500373840e-02	-5.257218703627586365e-02
-9.897992759943008423e-02	-2.504853531718254089e-02	-2.628671377897262573e-02	-1.870909892022609711e-02
2.915013208985328674e-02	3.570380434393882751e-02	5.006323754787445068e-02	7.499320432543754578e-03
2.085479162633419037e-02	8.021612651646137238e-03	-4.066968336701393127e-02	4.483276046812534332e-03
-3.874561935663223267e-02	-7.388064265251159668e-02	-1.142454147338867188e-01	-6.431742757558822632e-02
1.983085647225379944e-02	-1.370225101709365845e-02	3.548793867230415344e-02	-1.295155752450227737e-02
-1.231016889214515686e-01	-5.526621267199516296e-02	-5.931488797068595886e-02	1.247636973857879639e-01
-1.221399605274200439e-01	-1.115970015525817871e-01	-4.332017153501510620e-02	-1.445877254009246826e-01
-4.024966433644294739e-02	7.659101486206054688e-02	-4.867281764745712280e-03	3.755775094032287598e-02
7.447220850735902786e-03	-9.755859151482582092e-03	4.675398021936416626e-02	-4.087509121745824814e-03
-1.161807328462600708e-01	-8.016541600227355957e-02	-4.334942996501922607e-02	-2.447745576500892639e-02
1.439173240214586258e-03	1.027162093669176102e-02	6.981500238180160522e-02	-2.981170639395713806e-02
1.222360972315073013e-02	7.971735671162605286e-03	4.958868771791458130e-02	-1.031913142651319504e-02
1.753072952851653099e-03	-1.413248479366302490e-01	1.211785245686769485e-02	-1.189636439085006714e-01
3.831552714109420776e-02	-9.262381121516227722e-03	2.368751168251037598e-02	6.306168623268604279e-03
4.083542525768280029e-02	-1.068049389868974686e-02	1.151739992201328278e-02	3.129420103505253792e-03
4.579290002584457397e-02	2.601288817822933197e-02	-4.133032634854316711e-02	-3.384873503819108009e-03
6.322643905878067017e-02	2.160522527992725372e-02	-3.960748389363288879e-02	-1.775496639311313629e-02
2.903298847377300262e-02	5.160964280366897583e-02	-3.553656861186027527e-02	-2.192812971770763397e-02
3.122080676257610321e-02	-2.875064685940742493e-02	5.406897515058517456e-02	-1.014695409685373306e-02
9.495405480265617371e-03	-2.086795866489410400e-03	4.067726805806159973e-02	-1.593448780477046967e-02
-4.838441312313079834e-02	-1.960533112287521362e-01	5.936041474342346191e-03	3.247648775577545166e-01
-8.280027657747268677e-02	-5.588823556900024414e-02	-3.389441594481468201e-02	7.864027470350265503e-02
-9.670377522706985474e-02	-2.344926074147224426e-02	-1.391793601214885712e-02	-4.195071756839752197e-02
-9.196208417415618896e-02	2.482591383159160614e-02	-2.764906734228134155e-02	-4.812238365411758423e-02
-1.045379042625427246e-01	1.052050851285457611e-02	1.161836273968219757e-02	5.109802819788455963e-03
-5.206504836678504944e-02	6.969464570283889771e-02	1.700251549482345581e-02	3.636949229985475540e-03
4.829725995659828186e-02	-6.798034906387329102e-02	-1.228695139288902283e-01	5.687278136610984802e-02
-4.214408621191978455e-02	-2.115943431854248047e-01	2.122433111071586609e-02	1.160885244607925415e-01
2.686010673642158508e-02	-3.398538567125797272e-03	6.326443701982498169e-02	6.972977425903081894e-03
-5.108211934566497803e-02	8.157853782176971436e-02	-4.840471316128969193e-03	5.564743187278509140e-03
-1.030423715710639954e-01	-3.125075949355959892e-03	-3.193233907222747803e-02	3.957897052168846130e-02
2.112545334966853261e-04	4.300434142351150513e-02	4.212114959955215454e-02	-1.573848538100719452e-02
1.207965891808271408e-02	1.899149082601070404e-02	6.633662432432174683e-02	2.615245990455150604e-02
5.774145200848579407e-02	-9.810804389417171478e-03	-8.031535148620605469e-02	-3.225462138652801514e-02
4.733705893158912659e-02	4.426124971359968185e-03	-5.362553894519805908e-02	1.460546255111694336e-02
2.269255183637142181e-02	-9.812108241021633148e-03	3.361269086599349976e-02	2.781976480036973953e-03
4.173520952463150024e-02	1.552041340619325638e-02	-7.702786475419998169e-02	-1.914644427597522736e-02
-9.847091138362884521e-02	3.016034141182899475e-02	-5.559183191508054733e-04	-2.745764516294002533e-02
1.179707323899492621e-04	2.392311394214630127e-02	-3.110645711421966553e-02	6.997073534876108170e-03
1.465810928493738174e-02	1.658322848379611969e-02	5.801589787006378174e-02	1.209232397377490997e-02
-7.707937806844711304e-02	4.638899490237236023e-02	-5.481088068336248398e-03	-1.426545158028602600e-02
6.357475183904170990e-03	1.617880910634994507e-02	5.847381800413131714e-02	-2.136454684659838676e-03
3.330937027931213379e-02	3.178514167666435242e-02	3.871374949812889099e-02	1.290788175538182259e-03
1.315435767173767090e-02	4.420288279652595520e-02	7.681472599506378174e-02	1.646653003990650177e-02
1.309840008616447449e-02	-2.237563952803611755e-03	-1.767281070351600647e-02	3.292982699349522591e-03
2.742968313395977020e-02	-1.024062372744083405e-02	3.733249381184577942e-02	1.683606882579624653e-03
3.790043666958808899e-02	-1.764510385692119598e-02	-2.024059928953647614e-02	-2.171555068343877792e-03
3.371267393231391907e-02	3.309188038110733032e-02	-3.547248616814613342e-02	-5.630169529467821121e-03
2.973803877830505371e-02	2.774092555046081543e-02	-4.073747619986534119e-02	2.149018831551074982e-02
-7.230334728956222534e-02	7.468676567077636719e-02	-1.834396831691265106e-02	3.866053745150566101e-02
-7.484138756990432739e-02	1.116237863898277283e-01	2.228929474949836731e-02	-3.587883338332176208e-02
1.330293156206607819e-02	3.424178808927536011e-02	4.374322295188903809e-02	5.324698612093925476e-02
5.146999284625053406e-02	-6.017264444380998611e-03	6.329844146966934204e-02	1.896021515130996704e-02
3.468352928757667542e-02	3.289047256112098694e-02	-2.106587402522563934e-02	-2.528865123167634010e-03
-3.122558351606130600e-03	2.278227359056472778e-02	-2.582063525915145874e-02	4.257579334080219269e-03
2.188711240887641907e-02	-2.420540153980255127e-02	3.691622242331504822e-02	-3.494687378406524658e-03
-6.472923606634140015e-02	8.927775174379348755e-02	-9.697616100311279297e-03	-2.494827285408973694e-02
5.358964204788208008e-03	3.051839210093021393e-02	5.977391079068183899e-02	-1.359741669148206711e-02
4.777841642498970032e-02	-1.827490748837590218e-03	4.337895289063453674e-02	-1.448267418891191483e-02
-1.103194653987884521e-01	-8.099028468132019043e-02	-4.288116842508316040e-02	-1.311997473239898682e-01
-9.594500064849853516e-02	-7.670027017593383789e-02	-5.721950531005859375e-02	3.016118891537189484e-02
3.642713651061058044e-02	-3.072977438569068909e-02	5.740387365221977234e-02	8.922673761844635010e-03
6.175948306918144226e-03	-4.892857372760772705e-02	2.853502146899700165e-02	-1.423701550811529160e-02
2.712168730795383453e-02	-4.340276122093200684e-03	3.109408356249332428e-02	-3.071099752560257912e-03
2.455527195706963539e-03	5.047066137194633484e-03	4.063604772090911865e-02	-6.383720785379409790e-03
6.408659368753433228e-02	-1.488296780735254288e-02	-9.173253923654556274e-02	1.206572167575359344e-02
-3.291369602084159851e-02	-1.413813680410385132e-01	2.702965401113033295e-02	-3.652364015579223633e-02
2.174755791202187538e-03	6.886654300615191460e-04	4.966720566153526306e-02	4.448369611054658890e-03
-1.112249046564102173e-01	-5.527267605066299438e-02	-2.675686217844486237e-02	-1.241641715168952942e-01
1.393151096999645233e-02	-1.477838866412639618e-02	-6.669539213180541992e-02	-4.249506071209907532e-02
-1.560824178159236908e-02	6.436842679977416992e-02	-3.451758995652198792e-02	2.619638293981552124e-02
-2.250315435230731964e-02	-1.152826547622680664e-01	3.994923550635576248e-03	-8.435029536485671997e-02
-9.002657979726791382e-02	1.419340632855892181e-02	-2.600117214024066925e-02	7.235832512378692627e-03
-2.117601968348026276e-02	5.009200051426887512e-02	-3.654792904853820801e-02	-1.157058868557214737e-02
4.454139620065689087e-02	-2.206121571362018585e-02	-7.023593038320541382e-02	-1.843896880745887756e-02
-8.805686235427856445e-02	-1.499547958374023438e-01	-3.387820348143577576e-02	-2.449577003717422485e-01
-8.168728090822696686e-03	-2.212981693446636200e-02	3.129259496927261353e-02	-6.998500786721706390e-03
6.203665211796760559e-02	1.468206383287906647e-02	-4.728199541568756104e-02	2.867513708770275116e-02
2.691185288131237030e-02	2.035942487418651581e-02	4.120977222919464111e-02	-1.412734482437372208e-02
7.693806663155555725e-03	2.418063208460807800e-02	8.198203891515731812e-02	3.698035841807723045e-03
-3.283148398622870445e-03	3.532553464174270630e-02	2.537675760686397552e-02	1.345328707247972488e-02
2.921828627586364746e-02	-7.288982626050710678e-03	3.402650356292724609e-02	-8.210394531488418579e-03
4.821593407541513443e-03	-5.078256875276565552e-02	4.628369584679603577e-02	9.730669669806957245e-03
-1.180122792720794678e-02	-1.082216724753379822e-01	4.130236431956291199e-02	8.773784339427947998e-02
6.897526327520608902e-03	4.961140826344490051e-02	7.742101699113845825e-02	-9.697124361991882324e-03
2.607071539387106895e-03	5.432204902172088623e-02	5.768516287207603455e-02	-2.564899623394012451e-02
4.386648535728454590e-02	2.624670788645744324e-02	-3.415827080607414246e-02	-3.463691100478172302e-02
-4.990805173292756081e-04	3.697092831134796143e-02	-4.079861566424369812e-02	-2.804473228752613068e-02
1.833814941346645355e-02	2.118421904742717743e-02	6.771364063024520874e-02	-1.779378764331340790e-02
2.617475390434265137e-02	-2.339991927146911621e-02	5.804741755127906799e-02	3.393704444169998169e-02
1.847245916724205017e-02	1.787636056542396545e-02	5.473207682371139526e-02	1.800086908042430878e-02
-1.233127806335687637e-02	1.005932409316301346e-02	5.007056891918182373e-02	5.156872794032096863e-03
-1.863233000040054321e-02	6.222495809197425842e-02	4.303290694952011108e-02	4.150855168700218201e-02
-5.016376264393329620e-03	3.319985046982765198e-02	2.993471361696720123e-02	-1.517028640955686569e-02
4.353586584329605103e-02	-3.806642815470695496e-02	3.469574823975563049e-02	1.597785949707031250e-02
4.188648425042629242e-03	4.486590623855590820e-02	-2.782431244850158691e-02	2.903965534642338753e-03
5.927020218223333359e-03	-1.319130659103393555e-01	1.428124308586120605e-02	1.026819869875907898e-01
-3.511593118309974670e-02	6.033292412757873535e-02	-2.995293959975242615e-02	-3.231722488999366760e-02
1.443511154502630234e-02	1.867387443780899048e-02	-3.069621138274669647e-02	9.643262252211570740e-03
3.598659858107566833e-02	8.991723880171775818e-03	7.336319237947463989e-02	-2.031142450869083405e-02
1.837751641869544983e-02	3.796451911330223083e-02	3.659222647547721863e-02	-4.901821259409189224e-03
4.269699007272720337e-02	2.795590087771415710e-02	6.923671811819076538e-02	6.803207565099000931e-03
1.284438744187355042e-02	-6.448538508266210556e-03	-8.584538847208023071e-02	3.780699102208018303e-03
-1.564908772706985474e-02	5.299105867743492126e-02	-3.609923645853996277e-02	2.634277567267417908e-03
2.510114386677742004e-02	1.178245153278112411e-02	6.968073546886444092e-02	-1.674561761319637299e-02
5.060965940356254578e-02	3.258413821458816528e-02	-5.212057009339332581e-02	-1.015982329845428467e-01
-9.630299359560012817e-02	7.303631305694580078e-02	1.321229245513677597e-02	-1.026082318276166916e-02
1.675762236118316650e-02	4.312055930495262146e-02	-7.983268238604068756e-03	5.990467499941587448e-03
8.865715935826301575e-03	-1.351816672831773758e-02	1.784595847129821777e-02	2.296240854775533080e-04
-1.709618978202342987e-02	-3.104322589933872223e-02	6.392691284418106079e-02	-2.474340051412582397e-02
3.656605258584022522e-02	8.596692234277725220e-03	-8.436606824398040771e-02	2.185213752090930939e-02
5.708179902285337448e-03	-3.910712152719497681e-02	1.071958988904953003e-02	4.554669931530952454e-02
-4.524036310613155365e-03	-1.867278851568698883e-02	-1.307989470660686493e-02	3.390018362551927567e-03
2.530666999518871307e-02	-9.218044579029083252e-03	5.670027434825897217e-02	-1.348747871816158295e-02
-8.773835748434066772e-02	5.071413889527320862e-02	6.222242023795843124e-03	-2.239412628114223480e-02
2.736755087971687317e-02	-2.442351914942264557e-02	-5.564745888113975525e-02	-6.386540830135345459e-03
5.496016517281532288e-02	-9.256206452846527100e-03	4.722441732883453369e-02	3.475486114621162415e-02
-9.196189930662512779e-04	5.222639441490173340e-02	-5.521552637219429016e-02	-5.179129913449287415e-02
2.637426182627677917e-02	3.405167534947395325e-02	-2.703242748975753784e-02	-2.295011095702648163e-02
-6.903015822172164917e-02	7.175713777542114258e-02	3.478044271469116211e-02	2.957488410174846649e-03
5.626881867647171021e-02	-2.036937139928340912e-02	5.282512307167053223e-02	-2.612525038421154022e-02
-2.460268326103687286e-02	7.119048386812210083e-02	-1.964878849685192108e-02	-3.506833454594016075e-03
-8.302253484725952148e-02	1.708706840872764587e-02	2.593131177127361298e-02	-6.227612495422363281e-02
1.340938080102205276e-02	3.422199562191963196e-02	5.245207995176315308e-02	-6.499671377241611481e-03
-8.098408579826354980e-02	2.385445497930049896e-02	-1.653699390590190887e-02	2.682391740381717682e-02
1.584852673113346100e-02	-2.524897269904613495e-02	4.707967489957809448e-02	-4.384060390293598175e-03
-1.945208385586738586e-02	5.871109291911125183e-02	-3.956735506653785706e-02	-1.784043014049530029e-02
3.777048736810684204e-02	-9.202329441905021667e-03	-5.123258009552955627e-02	-2.008622279390692711e-03
9.149121120572090149e-03	4.462043568491935730e-02	-1.705243438482284546e-02	-1.025278959423303604e-02
2.241786010563373566e-02	5.432757548987865448e-03	6.339651346206665039e-02	2.591221779584884644e-02
-3.438524901866912842e-02	6.697250902652740479e-02	2.978384681046009064e-02	3.318715840578079224e-02
-2.171697653830051422e-02	4.808371886610984802e-02	-2.605848759412765503e-02	-8.038455992937088013e-02
-1.011006236076354980e-01	3.686209022998809814e-02	2.079556323587894440e-02	-8.635615929961204529e-03
3.788986429572105408e-02	2.718877233564853668e-02	3.011103533208370209e-02	-1.091917604207992554e-02
-4.836566373705863953e-02	-5.541461869142949581e-04	1.964040845632553101e-02	-2.512589469552040100e-02
-1.556483190506696701e-02	6.073122471570968628e-02	-1.171833649277687073e-02	-7.312444038689136505e-03
-1.077242791652679443e-01	-1.721374392509460449e-01	-2.233707718551158905e-02	2.601700834929943085e-02
5.911924690008163452e-02	3.136698901653289795e-02	-3.430603817105293274e-02	5.094465985894203186e-02
2.035107836127281189e-02	-1.763662323355674744e-02	5.662852525711059570e-02	9.153240360319614410e-03
-9.211870282888412476e-02	8.949750661849975586e-02	1.843070983886718750e-02	8.022297173738479614e-02
-3.786585852503776550e-02	3.333752974867820740e-02	4.668789356946945190e-02	7.749439217150211334e-03
-7.945692539215087891e-02	1.038213670253753662e-01	4.297844134271144867e-03	2.606244385242462158e-02
-9.505112469196319580e-02	-4.105983301997184753e-02	-3.644590079784393311e-02	7.600902020931243896e-02
5.232023820281028748e-02	3.051585890352725983e-02	-6.521899253129959106e-02	1.341620553284883499e-02
-5.351018160581588745e-02	3.356480970978736877e-02	6.656628102064132690e-02	3.939462825655937195e-02
-8.326859027147293091e-02	9.086269140243530273e-02	-1.456642616540193558e-02	4.996057227253913879e-02
1.587000675499439240e-02	2.921220101416110992e-02	-4.926616325974464417e-02	3.487638384103775024e-02
-1.222352832555770874e-01	-1.230672374367713928e-02	-4.276103805750608444e-03	-3.503679111599922180e-02
-9.736657142639160156e-03	5.976350978016853333e-03	4.988304153084754944e-02	1.347208017250522971e-04
-2.866500429809093475e-02	6.516917794942855835e-02	-2.284604124724864960e-02	-2.350494824349880219e-02
2.046378515660762787e-02	-2.259202487766742706e-02	5.285954847931861877e-02	-1.610975887160748243e-04
-7.729176431894302368e-02	8.099859207868576050e-02	-1.205994095653295517e-02	2.913637086749076843e-02
-7.948513329029083252e-02	-2.047352259978652000e-03	-1.614950783550739288e-02	4.069656506180763245e-02
-1.534899603575468063e-02	4.950479418039321899e-02	-3.192001581192016602e-02	1.750287599861621857e-02
-1.279180031269788742e-02	5.178342014551162720e-02	6.942421197891235352e-02	9.639098308980464935e-03
-4.326522722840309143e-02	-3.809887170791625977e-02	2.491565980017185211e-02	4.500006511807441711e-02
3.383618593215942383e-02	2.580439439043402672e-03	-2.399313077330589294e-02	-2.068319823592901230e-03
3.897020593285560608e-02	1.179815456271171570e-02	4.961735382676124573e-02	4.152595531195402145e-03
7.391151506453752518e-03	-1.969534344971179962e-02	4.360100626945495605e-02	2.196522988379001617e-02
9.626219980418682098e-03	4.603093490004539490e-02	-1.807987317442893982e-02	-2.776678651571273804e-02
1.344134565442800522e-02	-3.577254945412278175e-03	4.819023236632347107e-02	-1.427078898996114731e-02
-8.469659090042114258e-02	7.072211802005767822e-02	7.766894064843654633e-03	-1.258839666843414307e-02
-2.688805758953094482e-02	-2.631378918886184692e-02	4.736938700079917908e-02	1.311507367063313723e-04
5.674267187714576721e-02	-3.081276267766952515e-02	-9.689623117446899414e-02	-3.262260928750038147e-02
-3.713583946228027344e-02	7.529608160257339478e-02	-4.171533044427633286e-03	5.183816328644752502e-02
8.412814699113368988e-03	-7.541183382272720337e-02	6.011023372411727905e-02	-1.254736185073852539e-01
-9.556256979703903198e-02	5.681228823959827423e-03	-3.058499470353126526e-02	-5.617559701204299927e-02
4.287702217698097229e-02	1.107134204357862473e-02	-2.118522487580776215e-02	-3.255711169913411140e-03
2.646435238420963287e-02	-4.107661545276641846e-02	4.558259248733520508e-02	-5.131775047630071640e-03
3.680154681205749512e-03	4.225651174783706665e-02	-3.683503344655036926e-02	3.637754544615745544e-02
2.510673925280570984e-02	3.406565636396408081e-02	-5.831104144454002380e-02	-9.700414724647998810e-03
7.718507666140794754e-03	4.468547180294990540e-02	3.671161085367202759e-02	-2.298683626577258110e-03
2.736966311931610107e-02	-2.832500822842121124e-02	4.412720724940299988e-02	-2.967818267643451691e-02
5.406223982572555542e-02	1.491389051079750061e-02	-5.387642234563827515e-02	1.261188834905624390e-02
1.529099233448505402e-02	3.864880278706550598e-02	6.522525101900100708e-02	9.893110953271389008e-03
2.038333937525749207e-02	3.261572495102882385e-02	-2.400407753884792328e-02	1.000301097519695759e-03
-5.280107725411653519e-03	-6.853324174880981445e-02	2.872037701308727264e-02	-1.951736956834793091e-02
3.958131000399589539e-02	-3.602613881230354309e-02	5.173574015498161316e-02	-1.848485879600048065e-02
1.223168894648551941e-02	-6.170390639454126358e-03	3.965275362133979797e-02	1.332786167040467262e-03
4.394567385315895081e-02	-1.031031459569931030e-02	-5.435359850525856018e-02	1.202847808599472046e-02
3.239240124821662903e-02	-2.806322835385799408e-02	-8.211295306682586670e-02	-9.695751592516899109e-03
-8.823338896036148071e-02	4.613008350133895874e-02	-9.769037365913391113e-03	9.910273365676403046e-04
1.857704855501651764e-02	7.370567414909601212e-03	6.521877646446228027e-02	-3.423635149374604225e-03
1.284247171133756638e-02	-1.156015098094940186e-01	4.715323448181152344e-02	-4.641821235418319702e-02
2.509935013949871063e-02	6.342976819723844528e-03	-7.937086373567581177e-02	2.690807729959487915e-02
3.377807140350341797e-02	-6.045600002835271880e-06	-4.485254362225532532e-02	-1.474208571016788483e-02
3.411097079515457153e-02	1.300616376101970673e-02	-1.916659995913505554e-02	-1.524350605905056000e-02
-3.723488003015518188e-02	-1.231218725442886353e-01	3.958095982670783997e-02	-4.019378870725631714e-02
2.611093968152999878e-02	6.250446196645498276e-03	2.839986979961395264e-02	3.756829304620623589e-03
3.251605480909347534e-02	-8.435462601482868195e-03	6.842495501041412354e-02	-1.402353122830390930e-02
-3.448997810482978821e-02	-2.762305736541748047e-02	-2.899320051074028015e-02	-1.505115907639265060e-02
-9.042810648679733276e-02	9.027746319770812988e-02	1.252234634011983871e-02	9.006025642156600952e-02
-4.396290984004735947e-03	-1.287134923040866852e-02	2.957898750901222229e-02	-6.409647874534130096e-03
2.410981245338916779e-02	1.718639396131038666e-02	-5.119840428233146667e-02	-2.270789258182048798e-02
1.172344479709863663e-02	-1.033268216997385025e-02	5.854212120175361633e-02	-1.535294670611619949e-02
5.079036578536033630e-03	3.192607779055833817e-03	3.340901806950569153e-02	1.288417261093854904e-02
1.886589825153350830e-02	2.780222706496715546e-02	4.191764071583747864e-02	2.413821592926979065e-02
-9.080129116773605347e-02	6.955032050609588623e-02	3.086612932384014130e-02	-1.746386848390102386e-02
-8.293603360652923584e-02	5.562159419059753418e-02	1.443969178944826126e-02	-2.294347248971462250e-02
3.155092149972915649e-02	-4.848831519484519958e-02	4.951317235827445984e-02	-2.526132762432098389e-02
2.794340718537569046e-03	1.031326130032539368e-02	6.079477816820144653e-02	2.192606031894683838e-02
3.197680041193962097e-02	-7.269955426454544067e-02	-1.395610421895980835e-01	-5.741532519459724426e-02
4.225071892142295837e-02	1.890363730490207672e-02	-1.854834333062171936e-02	1.913190633058547974e-02
1.504841912537813187e-02	-1.236053463071584702e-02	1.656199060380458832e-02	-4.213348729535937309e-04
1.640027761459350586e-02	-2.793055213987827301e-02	4.799490422010421753e-02	-1.199807047669310123e-05
3.512715920805931091e-02	-6.346583366394042969e-03	4.100250452756881714e-02	-5.007680505514144897e-03
-7.406355813145637512e-03	2.202702686190605164e-02	5.592950806021690369e-02	-1.711589656770229340e-02
4.667427763342857361e-02	5.330402869731187820e-03	-5.541224405169487000e-02	9.744573384523391724e-03
4.303984344005584717e-02	4.246863350272178650e-02	-5.021107196807861328e-02	1.748496294021606445e-02
1.150177232921123505e-02	-2.432204224169254303e-02	-7.472828775644302368e-02	1.198692154139280319e-02
1.261138543486595154e-02	-2.242304198443889618e-02	2.330402657389640808e-02	-1.511193229816854000e-03
1.438790652900934219e-02	2.574246376752853394e-02	-4.285352677106857300e-02	-2.431774139404296875e-02
-5.864706821739673615e-03	-2.800613874569535255e-03	3.871325403451919556e-02	1.469155191443860531e-03
1.535787619650363922e-02	3.835236281156539917e-02	-3.696794807910919189e-02	-5.898988246917724609e-02
3.089497797191143036e-02	-1.632206141948699951e-02	-7.033618539571762085e-02	7.060891482979059219e-03
5.988555401563644409e-02	3.054415993392467499e-02	-5.528590828180313110e-02	5.770014598965644836e-02
-9.108199924230575562e-02	8.016111701726913452e-02	5.280547775328159332e-03	-2.585221268236637115e-02
1.095460262149572372e-03	2.975656092166900635e-02	-1.598263345658779144e-02	-2.906508045271039009e-03
-7.925276458263397217e-02	9.246285073459148407e-03	-3.297834843397140503e-02	-1.404569391161203384e-02
-8.802948892116546631e-02	3.845150023698806763e-02	-1.238689012825489044e-02	-2.778081782162189484e-02
9.275441989302635193e-03	3.963028267025947571e-02	-3.649771213531494141e-02	3.848877921700477600e-02
3.000863455235958099e-02	-2.838742174208164215e-02	-6.950273364782333374e-02	1.791417226195335388e-02
2.974530123174190521e-02	-1.560149528086185455e-02	-5.034909769892692566e-02	9.870307520031929016e-03
5.037451162934303284e-03	3.431383892893791199e-02	-4.097235202789306641e-02	-1.738309487700462341e-02
3.315123170614242554e-02	-3.691018372774124146e-02	-7.793530821800231934e-02	-5.834416486322879791e-03
2.316870912909507751e-02	-2.080756984651088715e-02	8.309155702590942383e-03	8.530434221029281616e-03
1.225304417312145233e-02	1.659696176648139954e-02	5.306959524750709534e-02	-5.326382815837860107e-03
-8.360864222049713135e-02	-1.746596209704875946e-02	-3.267153352499008179e-02	-2.956549637019634247e-02
3.449230268597602844e-02	3.138083219528198242e-02	-3.735410422086715698e-02	1.368386298418045044e-02
2.500409074127674103e-02	-1.051277504302561283e-03	4.248530790209770203e-02	-2.770064864307641983e-03
1.997436396777629852e-02	6.054733414202928543e-03	-4.168288037180900574e-02	8.628657669760286808e-04
4.962381348013877869e-02	4.985230974853038788e-03	-8.206406235694885254e-02	2.580610103905200958e-02
2.751859463751316071e-02	2.442449517548084259e-02	-5.733211338520050049e-02	1.062732748687267303e-02
4.684060811996459961e-02	-1.663672737777233124e-03	6.023879349231719971e-02	4.690138623118400574e-03
3.581725805997848511e-02	3.668240830302238464e-02	-2.888388931751251221e-02	5.911282077431678772e-02
4.615700244903564453e-02	8.744430728256702423e-03	-6.886282563209533691e-02	-3.608935698866844177e-02
-3.234621509909629822e-02	-1.905909925699234009e-01	1.421798020601272583e-02	-2.707154452800750732e-01
7.007746025919914246e-03	-1.757719437591731548e-03	4.222373664379119873e-02	-5.038884468376636505e-03
2.378003671765327454e-02	1.238068751990795135e-02	4.454978555440902710e-02	-7.487595081329345703e-03
7.401111070066690445e-03	-7.992764562368392944e-02	3.198384493589401245e-02	-6.982354447245597839e-03
3.791354224085807800e-02	8.335346356034278870e-03	3.534995019435882568e-02	5.884040147066116333e-03
1.419330015778541565e-02	-3.996077179908752441e-02	6.757564842700958252e-02	2.067331783473491669e-02
2.998660877346992493e-02	6.390379276126623154e-03	-5.940170586109161377e-02	1.079115085303783417e-02
4.059479758143424988e-02	-6.780332885682582855e-03	-7.552754878997802734e-02	-1.545708905905485153e-02
-1.151307150721549988e-01	-3.434397513046860695e-03	6.524178199470043182e-03	4.508550837635993958e-02
2.166864462196826935e-02	2.421672083437442780e-02	6.410244107246398926e-02	2.820573933422565460e-02
1.142172701656818390e-02	6.131190340965986252e-03	-2.982882410287857056e-02	8.676678873598575592e-03
1.804547011852264404e-02	5.340759176760911942e-03	3.722947463393211365e-02	-1.897634193301200867e-02
3.051812574267387390e-02	5.685355886816978455e-02	7.168479263782501221e-02	4.761154204607009888e-02
2.534014917910099030e-02	-1.014955434948205948e-02	-7.600099593400955200e-02	3.308999817818403244e-03
3.865178301930427551e-02	2.066735178232192993e-02	-2.074266783893108368e-02	1.561287208460271358e-04
-1.147359516471624374e-02	5.248288065195083618e-02	6.618909537792205811e-02	6.766936276108026505e-03
5.969164520502090454e-02	1.477421447634696960e-02	-7.980400323867797852e-02	-1.809319481253623962e-02
-5.422417074441909790e-02	2.292850241065025330e-02	-8.989406749606132507e-03	1.144386548548936844e-02
4.348820075392723083e-02	2.320836111903190613e-02	-5.623271688818931580e-02	-8.409808389842510223e-03
1.169576682150363922e-02	3.187588974833488464e-02	3.674964234232902527e-02	-1.298356521874666214e-02
-3.909311722964048386e-03	6.745603680610656738e-02	-1.817024126648902893e-02	3.864594968035817146e-03
-3.321274369955062866e-02	-1.438525021076202393e-01	-2.880834508687257767e-04	1.725088618695735931e-02
9.114670567214488983e-03	2.826239168643951416e-02	-1.670718006789684296e-02	3.801847808063030243e-03
-8.243592455983161926e-03	-3.924834728240966797e-02	4.701123014092445374e-02	4.459678661078214645e-03
4.177675768733024597e-02	-5.018150061368942261e-02	4.941690713167190552e-02	1.842352561652660370e-02
1.987014710903167725e-02	2.210668101906776428e-02	-4.863321781158447266e-02	4.100552294403314590e-03
4.804750159382820129e-02	1.123329624533653259e-02	-2.418041042983531952e-02	-2.265001088380813599e-02
2.708857320249080658e-02	-4.910231754183769226e-02	6.006901338696479797e-02	-3.423546254634857178e-02
4.317784309387207031e-02	1.275748945772647858e-02	-7.440744340419769287e-02	5.416573025286197662e-03
4.608370736241340637e-02	2.284558117389678955e-02	-4.493128508329391479e-02	7.542034611105918884e-03
3.861721232533454895e-02	4.258189350366592407e-03	5.427728220820426941e-02	-1.886309497058391571e-02
4.118217900395393372e-02	-6.965445820242166519e-03	2.026695944368839264e-02	1.238995324820280075e-02
5.609601363539695740e-02	1.916017197072505951e-02	-5.099703371524810791e-02	-3.477840125560760498e-02
-3.576810285449028015e-02	7.565132528543472290e-02	-1.351732760667800903e-02	1.325067318975925446e-02
6.302230060100555420e-03	1.973943598568439484e-02	-3.432158753275871277e-02	-2.993090450763702393e-02
3.644416108727455139e-02	-3.212285786867141724e-02	5.520059540867805481e-02	-3.394487872719764709e-02
2.806850150227546692e-02	2.154612541198730469e-02	-2.804576978087425232e-02	2.261614426970481873e-02
5.396735854446887970e-03	-2.346413768827915192e-02	4.697684943675994873e-02	-2.169090136885643005e-02
4.899048060178756714e-02	1.089587807655334473e-02	5.437480658292770386e-02	4.663845524191856384e-03
3.173061087727546692e-02	-1.026359293609857559e-02	-2.480630204081535339e-02	-7.637813221663236618e-03
4.127865284681320190e-02	-1.829300262033939362e-02	-8.044444024562835693e-02	1.544526312500238419e-02
-1.371681597083806992e-02	-2.384780347347259521e-02	4.858391731977462769e-02	1.032705651596188545e-03
3.443112969398498535e-02	-3.672290476970374584e-04	-3.620586544275283813e-02	-1.402664929628372192e-03
2.624520286917686462e-02	-5.156752187758684158e-03	4.217277839779853821e-02	-1.877165399491786957e-02
-9.959641844034194946e-03	-4.063669592142105103e-02	2.862241119146347046e-02	-5.608957633376121521e-02
1.564664021134376526e-02	-2.957625128328800201e-02	1.211447734385728836e-02	-1.040145009756088257e-02
1.595013402402400970e-02	9.351574117317795753e-04	5.141628906130790710e-02	2.173240110278129578e-02
-8.862874656915664673e-02	6.828477978706359863e-02	-1.334710977971553802e-03	9.689556062221527100e-02
8.124876767396926880e-03	7.475822232663631439e-03	-4.012474790215492249e-02	8.261218899860978127e-04
3.895774483680725098e-02	-4.178637638688087463e-02	-5.999221652746200562e-02	-2.173591032624244690e-02
-9.393626451492309570e-02	3.520374745130538940e-02	-2.730371430516242981e-02	-5.286108702421188354e-03
4.771710373461246490e-03	4.313844069838523865e-02	-1.644827984273433685e-02	-1.595707959495484829e-03
2.779611386358737946e-02	-4.836334381252527237e-03	6.563533097505569458e-02	-6.138567812740802765e-03
1.678696274757385254e-02	-7.992912828922271729e-02	-9.991073608398437500e-02	-2.200482785701751709e-02
5.169563740491867065e-02	-1.705395057797431946e-02	4.692327603697776794e-02	-1.244705542922019958e-02
3.938703238964080811e-02	-4.023760184645652771e-02	-5.714989453554153442e-02	-4.377223551273345947e-03
1.585858687758445740e-02	1.561616826802492142e-02	-5.048321187496185303e-02	6.416900432668626308e-04
4.197020828723907471e-02	2.241087146103382111e-02	6.647437065839767456e-02	-1.842553168535232544e-02
2.840408310294151306e-02	-5.334462225437164307e-02	6.045807525515556335e-02	-3.628389444202184677e-03
2.883458323776721954e-02	-8.605176582932472229e-03	3.557603806257247925e-02	-5.090788006782531738e-03
